
 Conv4
aug
base
[159.51492    136.59947    113.44768     76.16753     34.065823
  27.994915    23.13631     17.331148    11.542174     5.5435147
   0.30350226  -1.1568562   -6.245849    -9.427397   -13.046738  ]
 Conv4
no aug
base
[211.24004    185.9744     150.05753    115.48545     45.46992
  36.493008    29.300629    22.326069    15.87264      6.7845254
   0.33253294  -1.1470672   -7.481186   -12.655678   -15.879091  ]
 Conv6
aug
base
[ 1.5252066e+02  1.2538527e+02  9.9122925e+01  6.9758446e+01
  3.4073479e+01  2.5987095e+01  2.1266577e+01  1.6931879e+01
  1.2236462e+01  6.7669325e+00  2.0630445e+00 -6.5239905e-03
 -2.2106819e+00 -5.4260063e+00 -8.4046955e+00]
 Conv6
no aug
base
[182.03732    136.73892    108.01534     78.33708     42.027565
  33.43842     27.238781    21.198162    13.224467     5.8280616
   0.76974684  -1.7587576   -6.966731   -12.304201   -14.750765  ]
 ResNet10
aug
base
[ 2.1840552e+02  1.3544717e+02  9.6610764e+01  6.3203453e+01
  3.0924938e+01  2.4548557e+01  1.7854832e+01  1.4334757e+01
  1.0534144e+01  6.6784377e+00  3.8184447e+00  8.0514383e-01
 -2.1394296e-01 -2.2565761e+00 -3.4504173e+00]
 ResNet10
no aug
base
[215.31953    157.37167    118.24929     84.14541     33.176586
  26.196201    21.407427    16.885483    11.334326     7.0089617
   2.367091     0.24419901  -2.0825768   -4.7265167   -7.9240966 ]
 ResNet18
aug
base
[164.22656    130.45322     86.07936     68.89648     27.307934
  20.709782    15.812614    12.133819     8.997158     5.9039283
   2.8642807    0.68382037  -0.42271653  -2.0185838   -3.6901245 ]
 ResNet18
no aug
base
[ 1.8512794e+02  1.3812277e+02  9.4118210e+01  6.6776047e+01
  3.0804468e+01  2.4250500e+01  2.0438648e+01  1.5780746e+01
  1.0625021e+01  6.3379178e+00  2.1827941e+00 -8.3005622e-02
 -2.2616839e+00 -4.9595351e+00 -8.4368105e+00]
 Conv4
aug
novel
[ 1.6933893e+02  1.4621651e+02  1.2401450e+02  9.7677650e+01
  3.4403870e+01  2.8050938e+01  2.4606373e+01  1.6661694e+01
  9.6709366e+00  2.3245220e+00 -1.4520219e-01 -4.3985319e+00
 -1.0240093e+01 -1.4307361e+01 -1.8825586e+01]
 Conv4
no aug
novel
[255.86475   209.30476   176.3879    137.15729    47.184944   40.043785
  30.911991   23.124485   12.424358    2.7890797  -0.5381673  -6.9405885
 -15.721794  -21.833902  -29.092304 ]
 Conv6
aug
novel
[213.81738   173.41559   134.89946    94.24832    38.55432    30.641857
  25.892649   20.482162   14.018901    6.628409    0.9584336  -1.2917706
  -5.948093  -10.492238  -13.356079 ]
 Conv6
no aug
novel
[ 2.3435367e+02  1.9312439e+02  1.7156595e+02  1.2792926e+02
  5.4987740e+01  4.5221561e+01  3.7569599e+01  2.5962021e+01
  1.5255397e+01  4.1261444e+00 -8.3914019e-02 -5.5851154e+00
 -1.3884008e+01 -2.2055231e+01 -3.1171703e+01]
 ResNet10
aug
novel
[ 2.73120605e+02  2.34392899e+02  1.85560638e+02  1.15865685e+02
  3.28339653e+01  2.81586361e+01  2.15980415e+01  1.73686314e+01
  1.21327000e+01  7.47100830e+00  2.91158748e+00  1.37882511e-04
 -2.21273470e+00 -5.21246052e+00 -6.97683811e+00]
 ResNet10
no aug
novel
[247.8586     220.44455    166.59709    111.74867     33.707996
  29.097164    22.935165    17.798752    12.311696     6.8203363
   1.4685897   -0.55295837  -3.9009354   -8.060369   -12.029165  ]
 ResNet18
aug
novel
[ 1.9789143e+02  1.5833870e+02  1.4076836e+02  9.5410904e+01
  3.0872629e+01  2.2410320e+01  1.8320896e+01  1.4645517e+01
  9.8251019e+00  6.6664200e+00  2.8496032e+00  1.9789137e-01
 -8.3009672e-01 -2.9690742e+00 -4.7352242e+00]
 ResNet18
no aug
novel
[242.86404   197.45859   166.39053   109.35326    44.382988   37.84716
  27.363815   22.146446   14.581248    7.7578573   1.0665565  -0.3909485
  -5.346247   -9.967222  -14.17912  ]

  losss
  
 Conv4
aug
base
[35.108215   25.336147   18.64478    12.715002    8.615381    5.7322774
  4.7649055   3.8531692   2.5080333   1.2220808   0.13428088 -0.15694451
 -1.0945227  -1.8056176  -2.2552662 ]
 Conv4
no aug
base
[ 2.2961487e+01  1.5335889e+01  1.2046559e+01  8.8624592e+00
  5.9773088e+00  4.2669725e+00  3.6608665e+00  2.4643180e+00
  1.9122959e+00  9.5940626e-01  1.9963136e-01 -1.0766194e-02
 -4.6290797e-01 -1.0189797e+00 -1.3586855e+00]
 Conv6
aug
base
[40.809174   22.451212   16.59216    12.150347    8.9949465   5.747148
  4.501962    3.407853    2.2370312   0.94638824  0.05731935 -0.29135388
 -1.2417572  -2.0497918  -2.5882397 ]
 Conv6
no aug
base
[29.575485   18.271862   14.467359    9.409419    6.9123697   4.889132
  3.9669049   2.9152913   2.074164    0.80438024  0.04984616 -0.1795842
 -0.96074545 -1.5229219  -2.0101714 ]
 ResNet10
aug
base
[ 6.0502174e+01  3.2083004e+01  2.2806103e+01  1.3372644e+01
  7.9239869e+00  5.6513915e+00  4.7902675e+00  3.1612010e+00
  2.2080340e+00  1.2670743e+00  4.5503426e-01  7.7987211e-03
 -5.1291144e-01 -1.0370511e+00 -1.4734504e+00]
 ResNet10
no aug
base
[ 7.6080788e+01  4.1930645e+01  2.9741199e+01  1.5904411e+01
  9.1451931e+00  7.3743186e+00  5.6748834e+00  4.2473259e+00
  2.9137192e+00  1.5985198e+00  4.8919421e-01 -1.3556193e-04
 -7.6399595e-01 -1.7992016e+00 -2.2822776e+00]
 ResNet18
aug
base
[88.61639    43.654617   30.415314   21.699135    9.599684    7.404162
  6.054496    4.488482    2.9636548   1.5912039   0.4760211  -0.13057147
 -0.99245465 -1.8615965  -2.8366573 ]
 ResNet18
no aug
base
[ 5.6375263e+01  3.6316101e+01  2.5524670e+01  1.4623602e+01
  8.8363895e+00  6.8904471e+00  4.9801941e+00  3.6283519e+00
  2.5706606e+00  1.4321578e+00  3.6595446e-01 -9.1951326e-05
 -7.3183978e-01 -1.3860780e+00 -2.0558529e+00]
 Conv4
aug
novel
[ 3.3180748e+01  2.5795643e+01  2.0926722e+01  1.4436229e+01
  9.4858627e+00  7.6243043e+00  5.5649996e+00  4.1508179e+00
  2.7313638e+00  1.1072423e+00  8.0080554e-03 -3.8510564e-01
 -1.6246440e+00 -2.4722023e+00 -3.2793624e+00]
 Conv4
no aug
novel
[24.764938   18.355074   13.789396    9.233885    5.6526537   4.559133
  3.5207584   2.8666024   1.9822309   0.8934355   0.13738985 -0.10184552
 -0.70549214 -1.2256172  -1.6040176 ]
 Conv6
aug
novel
[ 4.4009655e+01  2.8935827e+01  2.4753714e+01  1.7289564e+01
  9.3127499e+00  6.9140143e+00  5.9554811e+00  4.3893714e+00
  3.0783577e+00  1.3278430e+00  2.8369591e-02 -2.6529539e-01
 -1.5017321e+00 -2.4759288e+00 -3.2168446e+00]
 Conv6
no aug
novel
[27.766666   18.707535   14.374231   10.726733    7.06363     5.642046
  4.575867    3.2637901   2.1507535   0.9480814   0.06539893 -0.24699166
 -1.1906191  -1.8550622  -2.4381554 ]
 ResNet10
aug
novel
[ 6.7849823e+01  5.2037365e+01  3.2144730e+01  2.0314579e+01
  9.2257843e+00  6.6815176e+00  4.9038696e+00  3.6981843e+00
  2.6307321e+00  1.5141046e+00  4.0735203e-01 -1.2299462e-04
 -9.2551911e-01 -1.6414559e+00 -2.1654427e+00]
 ResNet10
no aug
novel
[74.98953    54.182415   36.71214    25.846542    9.729708    8.10926
  6.9143324   5.240349    3.588185    2.0942025   0.6873425  -0.13679771
 -1.0712426  -2.003457   -2.884568  ]
 ResNet18
aug
novel
[ 1.1550474e+02  6.5069275e+01  3.9803501e+01  2.7188198e+01
  1.0848222e+01  9.4536819e+00  7.4375091e+00  5.5814695e+00
  3.5074677e+00  1.5160806e+00  8.3540998e-02 -8.6715949e-01
 -2.6906519e+00 -3.9386725e+00 -5.0175209e+00]
 ResNet18
no aug
novel
[69.51547    45.56527    32.378452   22.189827   11.94342     9.471174
  7.1606436   5.0913706   3.8480003   2.0915756   0.65625864 -0.12657067
 -1.0466818  -2.0350552  -2.9124188 ]
