Conv4
no aug
base
losss
sharpness: 0.013271396979689598, 0.009144500829279423, 0.009898846969008446, 0.005735592916607857, 0.009295614436268806, 0.007536912336945534, 0.010263171046972275, 0.010342264547944069, 0.008742701262235641, 0.008244236931204796, 0.008034894242882729, 0.007412116974592209, 0.008386855944991112, 0.00849643163383007, 0.008612191304564476, 0.009108981117606163, 0.00811473373323679, 0.010701565071940422, 0.015266099944710732, 0.006357865408062935, 0.009696902707219124, 0.011118343099951744, 0.00890476442873478, 0.011680340394377708, 0.011016208678483963, 0.012901490554213524, 0.008280342444777489, 0.014120269566774368, 0.0072548724710941315, 0.0099998340010643, 0.005979834124445915, 0.0081167072057724, 0.011352472007274628, 0.010360442101955414, 0.007089283317327499, 0.0066584013402462006, 0.012359589338302612, -0.0034839045256376266, 0.007453318685293198, 0.013086527585983276, 0.009939264506101608, 0.003745049238204956, 0.0048186201602220535, 0.00932995043694973, 0.011073892936110497, 0.00976313091814518, 0.009430410340428352, 0.015385333448648453, 0.005542588420212269, 0.011917179450392723, 0.0012421291321516037, 0.011543331667780876, 0.019034668803215027, 0.008929453790187836, 0.0042857397347688675, 0.011093199253082275, 0.010494118556380272, 0.013003837317228317, 0.0037357136607170105, 0.009482985362410545, 0.0069630928337574005, 0.013203967362642288, 0.010608304291963577, 0.014198558405041695, 0.012197735719382763, 0.006860136985778809, 0.009286440908908844, 0.009413967840373516, 0.009937109425663948, -0.010385720990598202, 0.01195160485804081, 0.011648489162325859, 0.0066695548593997955, 0.018054522573947906, 0.011445265263319016, 0.009343637153506279, 0.00685730017721653, 0.007804684340953827, 0.003389490768313408, 0.01596151664853096
lo: 0.01947331614792347, 0.01221908163279295, 0.01696811430156231, 0.016328128054738045, 0.017754318192601204, 0.018000328913331032, 0.02354792132973671, 0.01910119690001011, 0.019873980432748795, 0.016886139288544655, 0.01699867472052574, 0.016047760844230652, 0.015607831999659538, 0.018848663195967674, 0.01654418185353279, 0.01823190227150917, 0.012156826443970203, 0.02270475961267948, 0.024050379171967506, 0.016188276931643486, 0.017504168674349785, 0.016660669818520546, 0.013302648440003395, 0.015100479125976562, 0.016107669100165367, 0.015198254957795143, 0.014406604692339897, 0.02102356031537056, 0.014935111626982689, 0.022615015506744385, 0.018598811700940132, 0.01631323993206024, 0.018511883914470673, 0.016891662031412125, 0.019877711310982704, 0.018355606123805046, 0.017093975096940994, 0.01979360170662403, 0.015719860792160034, 0.01998356357216835, 0.022846590727567673, 0.014810154214501381, 0.016122184693813324, 0.014986952766776085, 0.018209178000688553, 0.018292969092726707, 0.01555771566927433, 0.016679447144269943, 0.01327135693281889, 0.013074172660708427, 0.019231226295232773, 0.02195429988205433, 0.02101973071694374, 0.016631800681352615, 0.015645410865545273, 0.01747855544090271, 0.017999280244112015, 0.01811729371547699, 0.018830161541700363, 0.01601915992796421, 0.010068468749523163, 0.019837409257888794, 0.020670317113399506, 0.02493469975888729, 0.013335558585822582, 0.01650996319949627, 0.02462683990597725, 0.015559854917228222, 0.021754903718829155, 0.022300252690911293, 0.019140180200338364, 0.018354373052716255, 0.015528075397014618, 0.025881469249725342, 0.015749532729387283, 0.020262615755200386, 0.016092725098133087, 0.016552170738577843, 0.019517535343766212, 0.01954181119799614
lp 0.03274471312761307, 0.021363582462072372, 0.026866961270570755, 0.0220637209713459, 0.02704993262887001, 0.025537241250276566, 0.033811092376708984, 0.029443461447954178, 0.028616681694984436, 0.02513037621974945, 0.02503356896340847, 0.02345987781882286, 0.02399468794465065, 0.027345094829797745, 0.025156373158097267, 0.027340883389115334, 0.020271560177206993, 0.033406324684619904, 0.03931647911667824, 0.02254614233970642, 0.02720107138156891, 0.02777901291847229, 0.022207412868738174, 0.02678081952035427, 0.02712387777864933, 0.028099745512008667, 0.022686947137117386, 0.03514382988214493, 0.02218998409807682, 0.032614849507808685, 0.024578645825386047, 0.02442994713783264, 0.0298643559217453, 0.02725210413336754, 0.026966994628310204, 0.025014007464051247, 0.029453564435243607, 0.016309697180986404, 0.023173179477453232, 0.03307009115815163, 0.03278585523366928, 0.018555203452706337, 0.020940804854035378, 0.024316903203725815, 0.02928307093679905, 0.028056100010871887, 0.024988126009702682, 0.032064780592918396, 0.01881394535303116, 0.02499135211110115, 0.020473355427384377, 0.033497631549835205, 0.04005439952015877, 0.02556125447154045, 0.01993115060031414, 0.028571754693984985, 0.028493398800492287, 0.031121131032705307, 0.022565875202417374, 0.025502145290374756, 0.017031561583280563, 0.03304137662053108, 0.03127862140536308, 0.039133258163928986, 0.025533294305205345, 0.023370100185275078, 0.03391328081488609, 0.024973822757601738, 0.0316920131444931, 0.011914531700313091, 0.031091785058379173, 0.030002862215042114, 0.022197630256414413, 0.04393599182367325, 0.0271947979927063, 0.029606252908706665, 0.022950025275349617, 0.02435685507953167, 0.02290702611207962, 0.0355033278465271
sharpness: 0.009201415861025453lo: 0.017856528481934218lp: 0.02705794434295967

Conv4
no aug
base
lossq
sharpness: 0.480013906955719, 0.6044340133666992, 0.5744417309761047, 0.43469732999801636, 0.6175856590270996, 0.7619439363479614, 0.6264880895614624, 0.8149515986442566, 0.5308243036270142, 0.7605783939361572, 0.8157099485397339, 0.7582865953445435, 0.7561248540878296, 0.5236458778381348, 0.5401039123535156, 0.6146186590194702, 0.46798205375671387, 0.5849039554595947, 0.693558931350708, 0.36504673957824707, 0.560020923614502, 0.5726372003555298, 0.6833931803703308, 0.37498611211776733, 0.6565812826156616, 0.7121938467025757, 0.46304672956466675, 0.49115920066833496, 0.38900643587112427, 0.4071238040924072, 0.4683331847190857, 0.46976399421691895, 0.4731180667877197, 0.7968289256095886, 0.5544083118438721, 0.6688700914382935, 0.6198105812072754, 0.6299134492874146, 0.517303466796875, 0.5588691234588623, 0.6434137225151062, 0.8480278849601746, 0.6629990339279175, 0.4401508569717407, 0.5566515326499939, 0.5245418548583984, 0.6958242654800415, 0.46030592918395996, 0.532122015953064, 0.41919565200805664, 0.6112521886825562, 0.5090298056602478, 0.6410862803459167, 0.5772177577018738, 0.7316848635673523, 0.6021588444709778, 0.8072265386581421, 0.5275804400444031, 0.46507078409194946, 0.5987696647644043, 0.4244500994682312, 0.6303908824920654, 0.601284384727478, 0.542574942111969, 0.5116477608680725, 0.4148474335670471, 0.6165782809257507, 0.318595290184021, 0.693073034286499, 0.7926892042160034, 0.6029386520385742, 0.4601043462753296, 0.46197986602783203, 0.51141357421875, 0.42964208126068115, 0.5853351354598999, 0.5798092484474182, 0.6508245468139648, 0.46515899896621704, 0.637972354888916
lo: 0.9996930956840515, 1.024644374847412, 0.9478186964988708, 0.7961888909339905, 1.1539864540100098, 1.0227479934692383, 1.15647292137146, 0.8358377814292908, 1.2348648309707642, 1.0626085996627808, 1.5641566514968872, 1.1424822807312012, 1.42813241481781, 1.1356842517852783, 1.0297722816467285, 0.8309116363525391, 0.8470462560653687, 0.9170811176300049, 1.1026268005371094, 0.801115870475769, 1.1016594171524048, 1.2537422180175781, 0.861131489276886, 0.6716058850288391, 1.1751136779785156, 1.0869474411010742, 0.6368493437767029, 0.9427428245544434, 0.8732866644859314, 1.0492277145385742, 0.8209217190742493, 0.8332520723342896, 0.9820029735565186, 0.9828903079032898, 1.1702159643173218, 1.0128363370895386, 0.690034031867981, 1.2416958808898926, 0.794692873954773, 1.4163644313812256, 0.9917328953742981, 0.8352311253547668, 1.2911733388900757, 0.45713359117507935, 0.8658755421638489, 0.8354536294937134, 1.0993661880493164, 0.8326472043991089, 0.9438263177871704, 0.6187798976898193, 0.877036452293396, 0.9761826395988464, 0.7932069897651672, 0.8097122311592102, 0.9171902537345886, 0.7513266205787659, 1.3093665838241577, 0.6405453085899353, 0.8811740279197693, 0.9478697776794434, 0.5601544976234436, 1.492610216140747, 1.1327197551727295, 0.9442632794380188, 0.8398527503013611, 0.6708804965019226, 0.938319981098175, 0.5745442509651184, 1.150699496269226, 1.3350547552108765, 0.9252865314483643, 0.8823540210723877, 0.7752690315246582, 0.7858399152755737, 0.660110592842102, 0.9190505743026733, 0.7517011761665344, 1.125956416130066, 0.8643211722373962, 1.2532802820205688
lp 1.4797070026397705, 1.6290783882141113, 1.5222604274749756, 1.2308862209320068, 1.7715721130371094, 1.7846919298171997, 1.7829610109329224, 1.6507893800735474, 1.7656891345977783, 1.823186993598938, 2.379866600036621, 1.9007688760757446, 2.1842572689056396, 1.659330129623413, 1.5698761940002441, 1.4455302953720093, 1.3150283098220825, 1.5019850730895996, 1.7961857318878174, 1.1661626100540161, 1.6616803407669067, 1.826379418373108, 1.5445246696472168, 1.0465919971466064, 1.8316949605941772, 1.79914128780365, 1.0998960733413696, 1.4339020252227783, 1.2622931003570557, 1.4563515186309814, 1.289254903793335, 1.3030160665512085, 1.4551210403442383, 1.7797192335128784, 1.7246242761611938, 1.681706428527832, 1.3098446130752563, 1.8716093301773071, 1.311996340751648, 1.975233554840088, 1.6351466178894043, 1.6832590103149414, 1.9541723728179932, 0.8972844481468201, 1.4225270748138428, 1.3599954843521118, 1.795190453529358, 1.2929531335830688, 1.4759483337402344, 1.037975549697876, 1.4882886409759521, 1.4852124452590942, 1.434293270111084, 1.386929988861084, 1.648875117301941, 1.3534854650497437, 2.1165931224823, 1.1681257486343384, 1.3462448120117188, 1.5466394424438477, 0.9846045970916748, 2.1230010986328125, 1.7340041399002075, 1.4868382215499878, 1.3515005111694336, 1.0857279300689697, 1.5548982620239258, 0.8931395411491394, 1.843772530555725, 2.12774395942688, 1.5282251834869385, 1.3424583673477173, 1.2372488975524902, 1.2972534894943237, 1.0897526741027832, 1.5043857097625732, 1.3315104246139526, 1.7767809629440308, 1.3294801712036133, 1.8912526369094849
sharpness: 0.5772366054356098lo: 0.9611023284494877lp: 1.5383389338850975

Conv6
no aug
base
losss
sharpness: 0.008861586451530457, 0.01111445389688015, 0.015224611386656761, 0.002516660839319229, 0.015522914007306099, 0.006270520389080048, 0.007712561637163162, 0.004415499046444893, 0.0068626366555690765, 0.009568173438310623, 0.005896305665373802, 0.00955687090754509, 0.010433772578835487, 0.012019172310829163, 0.0030085500329732895, -0.0001052170991897583, 0.014401370659470558, 0.010217797011137009, 0.010329781100153923, -0.0006737466901540756, 0.017596660181879997, 0.0052078887820243835, 0.0068224333226680756, 0.006331225857138634, 0.006563061848282814, 0.012964664027094841, 0.011878946796059608, 0.011144351214170456, 0.0009871777147054672, 0.015749072656035423, 0.0009610205888748169, 0.009912269189953804, 0.009552998468279839, 0.01300068199634552, 0.011530185118317604, 0.009461618959903717, 0.010497098788619041, 0.008132204413414001, 0.011403273791074753, 0.022442903369665146, 0.016269832849502563, 0.019146274775266647, 0.0024024639278650284, 0.014020023867487907, 0.01612938567996025, 0.010842932388186455, 0.013184506446123123, 0.014519842341542244, 0.020100731402635574, 0.008849361911416054, 0.0015168916434049606, 0.00868767686188221, 0.014781732112169266, 0.012134863063693047, 0.005025142803788185, 0.009554585441946983, 0.013727983459830284, 0.005899738520383835, 0.006163803860545158, 0.011083187535405159, 0.00962933711707592, 0.010933486744761467, 0.010748647153377533, 0.0032736100256443024, 0.011782510206103325, 0.008847732096910477, 0.014933563768863678, 0.014478582888841629, 0.016008997336030006, 0.004149697721004486, 0.0022761374711990356, 0.02536001056432724, 0.011114456690847874, 0.007685946300625801, 0.013956811279058456, 0.006632640957832336, 0.0074119772762060165, 0.018584785982966423, 0.004177838563919067, 0.0023676883429288864
lo: 0.028666719794273376, 0.0211691502481699, 0.02150074578821659, 0.019593654200434685, 0.020734915509819984, 0.017960097640752792, 0.017260359600186348, 0.02030775137245655, 0.01802649535238743, 0.023235980421304703, 0.023025555536150932, 0.018404997885227203, 0.02210572548210621, 0.020439807325601578, 0.021687893196940422, 0.025618592277169228, 0.021091768518090248, 0.020694829523563385, 0.027815083041787148, 0.02907336875796318, 0.020792627707123756, 0.029669534415006638, 0.022779110819101334, 0.025820186361670494, 0.018806051462888718, 0.021028781309723854, 0.015700699761509895, 0.028136741369962692, 0.02257363311946392, 0.019381558522582054, 0.028577182441949844, 0.01806129701435566, 0.018821723759174347, 0.017074355855584145, 0.01920587755739689, 0.020498819649219513, 0.018760163336992264, 0.02281164564192295, 0.02114858850836754, 0.0206720270216465, 0.025952722877264023, 0.022164877504110336, 0.025974536314606667, 0.01649942249059677, 0.017557475715875626, 0.025830185040831566, 0.019752249121665955, 0.016818655654788017, 0.023291852325201035, 0.015423903241753578, 0.01841781474649906, 0.02969144843518734, 0.020381052047014236, 0.022038647904992104, 0.017508849501609802, 0.019188985228538513, 0.02797510288655758, 0.019958902150392532, 0.019184967502951622, 0.020832063630223274, 0.014778828248381615, 0.021891186013817787, 0.02284621074795723, 0.020937176421284676, 0.01784387417137623, 0.02324569597840309, 0.01929406449198723, 0.025510448962450027, 0.020649468526244164, 0.02400624379515648, 0.03225960582494736, 0.02391013503074646, 0.014969426207244396, 0.025664692744612694, 0.020119186490774155, 0.02332419529557228, 0.017774367704987526, 0.023316925391554832, 0.02501911297440529, 0.028919512405991554
lp 0.03752830624580383, 0.03228360414505005, 0.03672535717487335, 0.022110315039753914, 0.03625782951712608, 0.02423061802983284, 0.02497292123734951, 0.024723250418901443, 0.024889132007956505, 0.032804153859615326, 0.028921861201524734, 0.027961868792772293, 0.032539498060941696, 0.03245897963643074, 0.02469644322991371, 0.02551337517797947, 0.035493139177560806, 0.030912626534700394, 0.03814486414194107, 0.028399622067809105, 0.038389287889003754, 0.03487742319703102, 0.02960154414176941, 0.03215141221880913, 0.02536911331117153, 0.033993445336818695, 0.027579646557569504, 0.03928109258413315, 0.023560810834169388, 0.03513063117861748, 0.02953820303082466, 0.027973566204309464, 0.028374722227454185, 0.030075037851929665, 0.030736062675714493, 0.02996043860912323, 0.029257262125611305, 0.030943850055336952, 0.03255186229944229, 0.043114930391311646, 0.042222555726766586, 0.041311152279376984, 0.028377000242471695, 0.03051944635808468, 0.033686861395835876, 0.03667311742901802, 0.03293675556778908, 0.03133849799633026, 0.04339258372783661, 0.024273265153169632, 0.019934706389904022, 0.03837912529706955, 0.0351627841591835, 0.03417351096868515, 0.022533992305397987, 0.028743570670485497, 0.04170308634638786, 0.025858640670776367, 0.02534877136349678, 0.03191525116562843, 0.024408165365457535, 0.032824672758579254, 0.03359485790133476, 0.024210786446928978, 0.029626384377479553, 0.03209342807531357, 0.034227628260850906, 0.039989031851291656, 0.03665846586227417, 0.028155941516160965, 0.03453574329614639, 0.0492701455950737, 0.02608388289809227, 0.033350639045238495, 0.03407599776983261, 0.029956836253404617, 0.025186344981193542, 0.041901711374521255, 0.029196951538324356, 0.03128720074892044
sharpness: 0.009921117883641273lo: 0.021743227110709994lp: 0.031664344994351265

Conv6
no aug
base
lossq
sharpness: 0.6149826645851135, 0.5445068776607513, 0.9761574268341064, 0.7554012537002563, 0.8304470777511597, 0.8021693229675293, 0.954039454460144, 0.8527284860610962, 0.6361591815948486, 1.3648784756660461, 0.8199920654296875, 0.8872756958007812, 0.6033013463020325, 0.780238151550293, 1.0226746201515198, 1.0159695148468018, 0.5248063802719116, 0.665657639503479, 0.7089155912399292, 0.842309832572937, 0.8639577627182007, 0.6831418871879578, 0.8830877542495728, 0.715144693851471, 1.039054274559021, 0.7457860708236694, 0.4256456792354584, 1.0360350012779236, 0.5552558898925781, 0.4730338454246521, 0.4730527997016907, 1.1620811820030212, 0.6548819541931152, 0.5271824598312378, 0.6667652130126953, 0.9646776914596558, 0.9444313049316406, 0.7752194404602051, 0.7314337491989136, 0.6601756811141968, 0.6239932179450989, 0.7798472046852112, 0.8801884055137634, 0.7177286446094513, 0.5156681537628174, 0.5710250735282898, 1.0345150232315063, 0.6356490254402161, 0.5921348929405212, 0.6406772136688232, 0.5895527601242065, 0.7994993329048157, 1.0289742350578308, 0.6529962420463562, 0.3133814334869385, 0.556136965751648, 0.9465386867523193, 0.6866125464439392, 1.1372997164726257, 0.8119815587997437, 0.4316643178462982, 0.6609591245651245, 0.7631036639213562, 0.7307546138763428, 0.49888795614242554, 0.9798735082149506, 0.7700404524803162, 0.43195784091949463, 0.7093186974525452, 1.0724610090255737, 0.7428964972496033, 0.5282451808452606, 0.5448257923126221, 0.658137708902359, 0.7969121336936951, 0.8443989157676697, 0.6166143417358398, 0.668626070022583, 0.8984301090240479, 0.724443644285202
lo: 0.8074802756309509, 0.46364131569862366, 0.6004505157470703, 0.5309269428253174, 1.0895991325378418, 0.7014341354370117, 1.1205395460128784, 0.6362425088882446, 1.0213590860366821, 0.809909999370575, 1.322211503982544, 0.5804190635681152, 0.942571222782135, 0.8156731128692627, 0.8886099457740784, 0.8116861581802368, 0.5189923048019409, 0.6006675958633423, 0.5537515878677368, 0.873944878578186, 0.7896459102630615, 0.8000476956367493, 0.6719995737075806, 0.4483104348182678, 1.0600107908248901, 0.8845611810684204, 0.4352605640888214, 0.692884624004364, 0.6581093072891235, 0.8663672804832458, 0.5247290730476379, 0.6473278403282166, 0.6640810966491699, 0.45019465684890747, 1.2025055885314941, 0.7853033542633057, 0.6812951564788818, 1.208411693572998, 0.6579983234405518, 1.0337306261062622, 0.8677108883857727, 0.8998798727989197, 0.9991068243980408, 0.3544951379299164, 0.6218910217285156, 0.60409015417099, 0.7831697463989258, 0.401955783367157, 0.709132730960846, 0.40116608142852783, 0.7171086072921753, 0.6517630219459534, 0.586293637752533, 0.5227918028831482, 0.6898739337921143, 0.5672245025634766, 0.8046996593475342, 0.5047643780708313, 0.7650918364524841, 0.9824817180633545, 0.2892396152019501, 1.0473906993865967, 0.5769529938697815, 0.7018802165985107, 0.721225917339325, 0.4405515491962433, 0.623173177242279, 0.512114942073822, 0.9212533831596375, 0.8222944736480713, 0.5585641264915466, 0.40687790513038635, 0.6490920782089233, 0.460236519575119, 0.5324757695198059, 0.9788737893104553, 0.8101174831390381, 0.8003681898117065, 0.6964161396026611, 0.4859030544757843
lp 1.4224629402160645, 1.008148193359375, 1.5766079425811768, 1.2863281965255737, 1.9200462102890015, 1.503603458404541, 2.0745790004730225, 1.4889709949493408, 1.6575182676315308, 2.174788475036621, 2.1422035694122314, 1.4676947593688965, 1.5458725690841675, 1.5959112644195557, 1.9112845659255981, 1.8276556730270386, 1.0437986850738525, 1.2663252353668213, 1.262667179107666, 1.716254711151123, 1.6536036729812622, 1.483189582824707, 1.5550873279571533, 1.1634551286697388, 2.099065065383911, 1.6303472518920898, 0.8609062433242798, 1.7289196252822876, 1.2133651971817017, 1.339401125907898, 0.9977818727493286, 1.8094090223312378, 1.3189630508422852, 0.9773771166801453, 1.8692708015441895, 1.7499810457229614, 1.6257264614105225, 1.9836311340332031, 1.3894320726394653, 1.693906307220459, 1.4917041063308716, 1.6797270774841309, 1.8792952299118042, 1.0722237825393677, 1.137559175491333, 1.1751152276992798, 1.8176847696304321, 1.037604808807373, 1.3012676239013672, 1.041843295097351, 1.3066613674163818, 1.451262354850769, 1.6152678728103638, 1.1757880449295044, 1.0032553672790527, 1.1233614683151245, 1.7512383460998535, 1.1913769245147705, 1.9023915529251099, 1.7944632768630981, 0.7209039330482483, 1.7083498239517212, 1.3400566577911377, 1.4326348304748535, 1.2201138734817505, 1.4204250574111938, 1.3932136297225952, 0.9440727829933167, 1.6305720806121826, 1.894755482673645, 1.30146062374115, 0.935123085975647, 1.1939178705215454, 1.118374228477478, 1.329387903213501, 1.823272705078125, 1.426731824874878, 1.4689942598342896, 1.594846248626709, 1.2103466987609863
sharpness: 0.7471200913190842lo: 0.7165322370827198lp: 1.463652328401804

ResNet10
no aug
base
losss
sharpness: 0.1150500662624836, 0.012351777404546738, 0.0343845933675766, 0.032606687396764755, 0.015842948108911514, 0.04216768592596054, 0.023577358573675156, 0.011902227997779846, 0.030812282115221024, 0.018836647272109985, 0.0089532770216465, 0.02907577157020569, 0.03355685621500015, -0.0009068623185157776, -0.001924753189086914, 0.026266440749168396, 0.019715145230293274, 0.01626494526863098, 0.035985078662633896, 0.014362048357725143, 0.03415115922689438, 0.009633708745241165, 0.004195511341094971, 0.020332694053649902, 0.02995207905769348, 0.02189914509654045, 0.003322027623653412, 0.031066402792930603, 0.008710432797670364, 0.018406957387924194, 0.027694374322891235, 0.04639366269111633, 0.014921225607395172, 0.03003067895770073, 0.363467276096344, 0.01558152586221695, -0.011972256004810333, -0.42268211394548416, 0.012495782226324081, 0.01330731064081192, 0.16516272723674774, 0.019726216793060303, 0.009078513830900192, 0.023701414465904236, 0.02727634087204933, 0.051941581070423126, 0.03383605182170868, 0.02392464503645897, 0.004986671730875969, 0.016734473407268524, -0.00508977472782135, 0.02662535011768341, 0.0036417916417121887, 0.021880637854337692, 0.0026942603290081024, 0.014174312353134155, 0.013471025973558426, 0.0018571726977825165, 0.005985289812088013, 0.0137508325278759, 0.010713325813412666, 0.017101500183343887, 0.02229616791009903, 0.011847876012325287, 0.016242893412709236, 0.02105587348341942, 0.011596661061048508, 0.022468935698270798, 0.034287285059690475, 0.016622871160507202, 0.07744460552930832, 0.025766093283891678, 0.012477658689022064, 0.02775830402970314, 0.0067478567361831665, 0.016012508422136307, 0.03602423891425133, 0.01469673216342926, 0.017444483935832977, 0.025373291224241257
lo: 0.05954242870211601, 0.035198360681533813, 0.06850987672805786, 0.03969366475939751, 0.058269720524549484, 0.05474402755498886, 0.044310566037893295, 0.06465558707714081, 0.04806965962052345, 0.04080181568861008, 0.040575820952653885, 0.04501090943813324, 0.04517171531915665, 0.07046712189912796, 0.04200400039553642, 0.04517518728971481, 0.038667384535074234, 0.03815573453903198, 0.049010541290044785, 0.04642904922366142, 0.06731512397527695, 0.03885718062520027, 0.054957933723926544, 0.03131454065442085, 0.04721253365278244, 0.03198936581611633, 0.03737465292215347, 0.04372333735227585, 0.03761673346161842, 0.07342804968357086, 0.042126938700675964, 0.055962175130844116, 0.050367556512355804, 0.04406290128827095, 0.28815823793411255, 0.04562872648239136, 0.07706477493047714, 0.487872838973999, 0.033704083412885666, 0.04119307920336723, 0.06495927274227142, 0.07270056754350662, 0.057497669011354446, 0.03875502198934555, 0.03605661913752556, 0.0654301568865776, 0.05235043168067932, 0.03386412188410759, 0.029870355501770973, 0.029939278960227966, 0.061139918863773346, 0.072615846991539, 0.04748908802866936, 0.03855372220277786, 0.051160216331481934, 0.0460953526198864, 0.045918095856904984, 0.049111541360616684, 0.04112393781542778, 0.03526470437645912, 0.01604745164513588, 0.042150404304265976, 0.04419437795877457, 0.06582187861204147, 0.02727220021188259, 0.04197515919804573, 0.028112273663282394, 0.03635329008102417, 0.05902690812945366, 0.0368381142616272, 0.05209014564752579, 0.03728483244776726, 0.06834470480680466, 0.040955740958452225, 0.048549529165029526, 0.042274825274944305, 0.05799703672528267, 0.05250993371009827, 0.039338428527116776, 0.034507472068071365
lp 0.1745924949645996, 0.04755013808608055, 0.10289447009563446, 0.07230035215616226, 0.074112668633461, 0.0969117134809494, 0.06788792461156845, 0.07655781507492065, 0.07888194173574448, 0.05963846296072006, 0.049529097974300385, 0.07408668100833893, 0.0787285715341568, 0.06956025958061218, 0.04007924720644951, 0.07144162803888321, 0.05838252976536751, 0.054420679807662964, 0.08499561995267868, 0.060791097581386566, 0.10146628320217133, 0.04849088937044144, 0.059153445065021515, 0.051647234708070755, 0.07716461271047592, 0.053888510912656784, 0.040696680545806885, 0.07478974014520645, 0.04632716625928879, 0.09183500707149506, 0.0698213130235672, 0.10235583782196045, 0.06528878211975098, 0.07409358024597168, 0.6516255140304565, 0.06121025234460831, 0.06509251892566681, 0.06519072502851486, 0.04619986563920975, 0.05450038984417915, 0.23012199997901917, 0.09242678433656693, 0.06657618284225464, 0.062456436455249786, 0.06333296000957489, 0.11737173795700073, 0.086186483502388, 0.05778876692056656, 0.03485702723264694, 0.04667375236749649, 0.056050144135951996, 0.09924119710922241, 0.051130879670381546, 0.060434360057115555, 0.053854476660490036, 0.060269664973020554, 0.05938912183046341, 0.0509687140583992, 0.04710922762751579, 0.04901553690433502, 0.026760777458548546, 0.05925190448760986, 0.0664905458688736, 0.07766975462436676, 0.04351509362459183, 0.06303103268146515, 0.0397089347243309, 0.05882222577929497, 0.09331419318914413, 0.0534609854221344, 0.1295347511768341, 0.06305092573165894, 0.08082236349582672, 0.06871404498815536, 0.05529738590121269, 0.05828733369708061, 0.094021275639534, 0.06720666587352753, 0.05678291246294975, 0.05988076329231262
sharpness: 0.0213640813017264lo: 0.05557418204843998lp: 0.07693826335016637

ResNet10
no aug
base
lossq
sharpness: 0.41653990745544434, 0.4585994482040405, 0.5489016771316528, 0.48324206471443176, 0.572210431098938, 0.45044422149658203, 0.6984049081802368, 0.7842239737510681, 0.43450021743774414, 0.6205798387527466, 0.7020189762115479, 0.4186664819717407, 0.5049348473548889, 0.4771861433982849, 0.6764448285102844, 0.4281628131866455, 0.3149130344390869, 0.3474927246570587, 0.6196030974388123, 0.3863711953163147, 0.4823034405708313, 0.5176289081573486, 0.5769104957580566, 0.43026265501976013, 0.4393743872642517, 0.5323770642280579, 0.4462808668613434, 0.6387751698493958, 0.5208259224891663, 0.43744874000549316, 0.3397788107395172, 0.6691847443580627, 0.5178242921829224, 0.5989416837692261, 0.7588196992874146, 0.3525264859199524, 0.5800073146820068, -0.21559619903564453, 0.4755970537662506, 0.5129983425140381, 0.4952651858329773, 0.8925540447235107, 0.6442805528640747, 0.5539351999759674, 0.44387900829315186, 0.417277455329895, 0.4433945417404175, 0.6052845120429993, 0.3234964609146118, 0.5239115357398987, 0.6303806900978088, 0.6709197163581848, 0.47215747833251953, 0.4542931914329529, 0.6727436482906342, 0.5240176916122437, 0.7178983688354492, 0.6886452734470367, 0.4511156678199768, 0.48165494203567505, 0.21247470378875732, 0.35537785291671753, 0.3667556643486023, 0.7310429811477661, 0.5962120294570923, 0.6910563707351685, 0.4049410820007324, 0.22170507907867432, 0.5482625961303711, 0.6217623949050903, 0.6140959858894348, 0.3458433151245117, 0.4930185079574585, 0.4412817656993866, 0.5875445008277893, 0.44145405292510986, 0.6247692704200745, 0.4283313751220703, 0.5701227784156799, 0.7949812412261963
lo: 0.6437188386917114, 0.5911083221435547, 0.7260646820068359, 0.467568963766098, 1.0221500396728516, 0.5149822235107422, 1.0964040756225586, 0.7349267601966858, 1.1166397333145142, 0.7491772174835205, 1.599473476409912, 0.661578893661499, 0.863987147808075, 0.7680884003639221, 0.8190774321556091, 0.6106719970703125, 0.47689270973205566, 0.3462724983692169, 0.7900229096412659, 0.533068835735321, 0.8454328179359436, 1.0275667905807495, 0.595422625541687, 0.48050954937934875, 0.7622626423835754, 0.9114876389503479, 0.4690072238445282, 0.6843522191047668, 0.8533177971839905, 0.911574125289917, 0.4488665759563446, 0.5730080008506775, 0.6215804815292358, 0.28829771280288696, 1.34715735912323, 0.5110670328140259, 0.9375249147415161, 1.5075559616088867, 0.40682271122932434, 1.2990076541900635, 0.6362548470497131, 0.7285441160202026, 1.1942462921142578, 0.3542616069316864, 0.5946066379547119, 0.4809306263923645, 0.6441773176193237, 0.5273736119270325, 0.7156938314437866, 0.41604775190353394, 0.6878089308738708, 0.6444101929664612, 0.51495361328125, 0.7870823740959167, 0.445391446352005, 0.5955394506454468, 1.1020928621292114, 0.38772091269493103, 0.6073078513145447, 0.6316387057304382, 0.28715431690216064, 0.8645369410514832, 0.4553014039993286, 0.586626410484314, 0.7563931941986084, 0.4220348596572876, 0.5053501725196838, 0.3826664090156555, 0.7447553873062134, 0.7476975917816162, 0.8050084710121155, 0.5106530785560608, 0.7195173501968384, 0.3371739685535431, 0.5648619532585144, 0.7562084197998047, 0.6905789971351624, 0.7824841737747192, 0.5275411009788513, 0.6867078542709351
lp 1.0602587461471558, 1.0497077703475952, 1.2749663591384888, 0.9508110284805298, 1.5943604707717896, 0.9654264450073242, 1.7948089838027954, 1.519150733947754, 1.5511399507522583, 1.369757056236267, 2.30149245262146, 1.0802453756332397, 1.3689219951629639, 1.245274543762207, 1.4955222606658936, 1.038834810256958, 0.7918057441711426, 0.6937652230262756, 1.4096260070800781, 0.9194400310516357, 1.327736258506775, 1.5451956987380981, 1.1723331212997437, 0.9107722043991089, 1.2016370296478271, 1.4438647031784058, 0.9152880907058716, 1.3231273889541626, 1.3741437196731567, 1.3490228652954102, 0.7886453866958618, 1.2421927452087402, 1.1394047737121582, 0.887239396572113, 2.1059770584106445, 0.8635935187339783, 1.517532229423523, 1.2919597625732422, 0.882419764995575, 1.8120059967041016, 1.1315200328826904, 1.6210981607437134, 1.8385268449783325, 0.9081968069076538, 1.0384856462478638, 0.8982080817222595, 1.0875718593597412, 1.1326581239700317, 1.0391902923583984, 0.9399592876434326, 1.3181896209716797, 1.315329909324646, 0.9871110916137695, 1.2413755655288696, 1.1181350946426392, 1.1195571422576904, 1.8199912309646606, 1.0763661861419678, 1.0584235191345215, 1.1132936477661133, 0.49962902069091797, 1.2199147939682007, 0.8220570683479309, 1.31766939163208, 1.3526052236557007, 1.113091230392456, 0.9102912545204163, 0.6043714880943298, 1.2930179834365845, 1.3694599866867065, 1.4191044569015503, 0.8564963936805725, 1.2125358581542969, 0.7784557342529297, 1.1524064540863037, 1.1976624727249146, 1.3153482675552368, 1.2108155488967896, 1.0976638793945312, 1.4816890954971313
sharpness: 0.5144231177866458lo: 0.6930379003286362lp: 1.207461018115282

ResNet18
no aug
base
losss
sharpness: 0.013184629380702972, 0.02530527114868164, 0.05063904821872711, 0.03217547386884689, 0.008412417024374008, 0.029236800968647003, 0.025024939328432083, 0.01907947286963463, 0.01786819100379944, 0.029093332588672638, 0.014165349304676056, 0.0249810591340065, 0.013569340109825134, -0.007036898285150528, -0.008918032050132751, 0.0022454485297203064, 0.01674683578312397, 0.04977249540388584, 0.016312308609485626, 0.010939911007881165, 0.006139010190963745, 0.004449140280485153, 0.0026287175714969635, 0.027349602431058884, 0.024068757891654968, 0.0061163529753685, -0.0029274150729179382, 0.005879472941160202, -0.001089196652173996, 0.011139322072267532, 0.012403707951307297, 0.024765469133853912, 0.02465568110346794, 0.019272062927484512, 0.017375677824020386, -0.010690920054912567, -0.011081155389547348, 0.1390593945980072, 0.029049165546894073, 0.008997907862067223, 0.027034994214773178, 0.01114104688167572, 0.01472150906920433, 0.016199640929698944, 0.012386005371809006, 0.0618320032954216, 0.13560312613844872, 0.025966696441173553, 0.02195092663168907, 0.022456683218479156, 0.0013125240802764893, 0.017796792089939117, 0.004425719380378723, 0.01750161126255989, 0.027097735553979874, 0.0075773634016513824, 0.016382750123739243, 0.01689125970005989, 0.027588263154029846, 0.01995570957660675, 0.017367305234074593, 0.012645479291677475, 0.005052920430898666, 0.017918333411216736, 0.008022304624319077, 0.010039344429969788, 0.00674050860106945, 0.02396223694086075, 0.0398734025657177, 0.001562211662530899, 0.027111802250146866, 0.012502064928412437, 0.056542523205280304, 0.03499334678053856, 0.00834796205163002, 0.01756545901298523, 0.010740462690591812, 0.027879487723112106, 0.011860877275466919, 0.026747390627861023
lo: 0.028068114072084427, 0.027987878769636154, 0.04685438424348831, 0.040494658052921295, 0.05444212630391121, 0.04253622144460678, 0.03258015960454941, 0.04913227632641792, 0.03749590367078781, 0.04725366085767746, 0.05584485083818436, 0.037415724247694016, 0.046651795506477356, 0.04654773697257042, 0.0471515879034996, 0.03912848234176636, 0.02915300987660885, 0.026683887466788292, 0.03344900533556938, 0.03406474366784096, 0.06997664272785187, 0.033598847687244415, 0.03906472399830818, 0.017363354563713074, 0.03386574238538742, 0.05038012936711311, 0.024448569864034653, 0.033315517008304596, 0.03982925042510033, 0.0447235032916069, 0.029942095279693604, 0.03634823486208916, 0.03443986177444458, 0.02418931946158409, 0.07354314625263214, 0.04819685220718384, 0.05328090861439705, 0.2405364215373993, 0.03194572031497955, 0.02247766964137554, 0.04628990963101387, 0.046081140637397766, 0.053059834986925125, 0.02089894935488701, 0.020129483193159103, 0.04457966983318329, 0.044042859226465225, 0.02234886959195137, 0.03333625569939613, 0.01922275871038437, 0.04529409855604172, 0.03389505669474602, 0.026781877502799034, 0.03473667427897453, 0.03011925518512726, 0.03176718205213547, 0.04257212206721306, 0.02960781380534172, 0.024153850972652435, 0.05287995934486389, 0.01799796335399151, 0.023132484406232834, 0.031318094581365585, 0.040672414004802704, 0.032375890761613846, 0.036708198487758636, 0.02448231540620327, 0.024320203810930252, 0.03451811894774437, 0.028798719868063927, 0.027801111340522766, 0.021328499540686607, 0.021855920553207397, 0.025831911712884903, 0.03385740891098976, 0.037955500185489655, 0.033113542944192886, 0.030161377042531967, 0.02205592393875122, 0.02251962199807167
lp 0.0412527434527874, 0.053293149918317795, 0.09749343246221542, 0.07267013192176819, 0.06285454332828522, 0.07177302241325378, 0.05760509893298149, 0.06821174919605255, 0.05536409467458725, 0.0763469934463501, 0.07001020014286041, 0.062396783381700516, 0.06022113561630249, 0.03951083868741989, 0.03823355585336685, 0.041373930871486664, 0.04589984565973282, 0.07645638287067413, 0.04976131394505501, 0.04500465467572212, 0.07611565291881561, 0.03804798796772957, 0.041693441569805145, 0.04471295699477196, 0.05793450027704239, 0.05649648234248161, 0.021521154791116714, 0.0391949899494648, 0.03874005377292633, 0.055862825363874435, 0.0423458032310009, 0.06111370399594307, 0.05909554287791252, 0.043461382389068604, 0.09091882407665253, 0.03750593215227127, 0.0421997532248497, 0.3795958161354065, 0.06099488586187363, 0.031475577503442764, 0.07332490384578705, 0.057222187519073486, 0.06778134405612946, 0.03709859028458595, 0.03251548856496811, 0.10641167312860489, 0.17964598536491394, 0.048315566033124924, 0.055287182331085205, 0.041679441928863525, 0.04660662263631821, 0.051691848784685135, 0.031207596883177757, 0.052238285541534424, 0.05721699073910713, 0.03934454545378685, 0.0589548721909523, 0.04649907350540161, 0.05174211412668228, 0.07283566892147064, 0.0353652685880661, 0.03577796369791031, 0.03637101501226425, 0.05859074741601944, 0.04039819538593292, 0.046747542917728424, 0.03122282400727272, 0.048282440751791, 0.07439152151346207, 0.030360931530594826, 0.05491291359066963, 0.033830564469099045, 0.0783984437584877, 0.06082525849342346, 0.04220537096261978, 0.055520959198474884, 0.0438540056347847, 0.058040864765644073, 0.03391680121421814, 0.049267012625932693
sharpness: 0.020045699179172517lo: 0.038212569523602725lp: 0.05825826870277524

ResNet18
no aug
base
lossq
sharpness: 0.40683263540267944, 0.4552502930164337, 0.8005958795547485, 0.7958933115005493, 1.1629565954208374, 0.8664119243621826, 0.7413893938064575, 0.8905054926872253, 0.5259542465209961, 0.6915799379348755, 1.4531457424163818, 0.4954829812049866, 0.4744958281517029, 0.32578909397125244, 0.5503499507904053, 0.44681650400161743, 0.501017615199089, 0.19768428802490234, 0.46753057837486267, 0.6916049718856812, 0.46277207136154175, 0.5219675302505493, 0.6642293334007263, 0.45319294929504395, 0.5131188035011292, 0.7536609172821045, 0.4023270606994629, 0.45892971754074097, 0.578641951084137, 0.5055121183395386, 0.30234256386756897, 0.7181114554405212, 0.40664252638816833, 0.2124236598610878, 0.5901213884353638, 0.1452881097793579, 0.5734271109104156, 0.6475623846054077, 0.7198992669582367, 0.6241101026535034, 0.503543496131897, 0.677759051322937, 0.6489648818969727, 0.47098907828330994, 0.5736713409423828, 0.3711732029914856, 0.6169338822364807, 0.44717903435230255, 0.4961937665939331, 0.3237929940223694, 0.5233992338180542, 0.3843390941619873, 0.5769860744476318, 0.5052773356437683, 0.5661904811859131, 0.3401116132736206, 0.7691882252693176, 0.4987005591392517, 0.5709234476089478, 0.6637674570083618, 0.24092411994934082, 0.47780030965805054, 0.48248177766799927, 0.8727928996086121, 0.5996003746986389, 0.17572326958179474, 0.6539579033851624, 0.5877160727977753, 0.4905969500541687, 1.0936265587806702, 0.9200776517391205, 0.34761980175971985, 0.34066861867904663, 0.2569703757762909, 0.6261118650436401, 0.8857513666152954, 0.5821300148963928, 0.36626678705215454, 0.4767230749130249, 0.7498090267181396
lo: 0.6737374663352966, 0.47959282994270325, 0.5574185848236084, 0.4588346481323242, 1.3100062608718872, 0.5782133340835571, 1.0361011028289795, 0.39214104413986206, 1.1007453203201294, 0.618117094039917, 1.7952964305877686, 0.3643656373023987, 0.9384880661964417, 1.0117243528366089, 0.8929706811904907, 0.5082007050514221, 0.24834413826465607, 0.266541063785553, 0.4009964168071747, 0.34964561462402344, 0.578999936580658, 1.0751005411148071, 0.7173519730567932, 0.2471686601638794, 0.6372995972633362, 0.6464500427246094, 0.2623816728591919, 0.9150192141532898, 0.9072652459144592, 0.8262373208999634, 0.3922501504421234, 0.39388924837112427, 0.43232855200767517, 0.0984690710902214, 1.0344544649124146, 0.5082324743270874, 0.4695950448513031, 1.1620582342147827, 0.4128483831882477, 1.083387017250061, 0.5241196155548096, 0.26369351148605347, 1.0001554489135742, 0.26026013493537903, 0.5106528997421265, 0.3035484552383423, 0.7195261120796204, 0.24358545243740082, 0.6618829965591431, 0.3464004397392273, 0.6920253038406372, 0.5536209344863892, 0.5459792613983154, 0.5433055758476257, 0.397316575050354, 0.47491347789764404, 0.7426041960716248, 0.3523622751235962, 0.6059324741363525, 0.5126049518585205, 0.17168062925338745, 0.7563613057136536, 0.5625106692314148, 0.5999203324317932, 0.645388662815094, 0.20386485755443573, 0.409426748752594, 0.43773356080055237, 0.5578450560569763, 0.4692888855934143, 0.3391111195087433, 0.3054600656032562, 0.7164544463157654, 0.2553645670413971, 0.5155749320983887, 1.1627591848373413, 0.4268642067909241, 0.5463848114013672, 0.43899184465408325, 0.5843700170516968
lp 1.080570101737976, 0.934843122959137, 1.358014464378357, 1.2547279596328735, 2.4729628562927246, 1.4446252584457397, 1.777490496635437, 1.2826465368270874, 1.6266995668411255, 1.3096970319747925, 3.2484421730041504, 0.8598486185073853, 1.4129838943481445, 1.3375134468078613, 1.443320631980896, 0.9550172090530396, 0.7493617534637451, 0.4642253518104553, 0.8685269951820374, 1.0412505865097046, 1.0417720079421997, 1.5970680713653564, 1.3815813064575195, 0.7003616094589233, 1.1504184007644653, 1.4001109600067139, 0.6647087335586548, 1.3739489316940308, 1.4859071969985962, 1.331749439239502, 0.6945927143096924, 1.1120007038116455, 0.8389710783958435, 0.3108927309513092, 1.6245758533477783, 0.6535205841064453, 1.0430221557617188, 1.8096206188201904, 1.1327476501464844, 1.7074971199035645, 1.0276631116867065, 0.9414525628089905, 1.6491203308105469, 0.731249213218689, 1.0843242406845093, 0.6747216582298279, 1.336459994316101, 0.6907644867897034, 1.1580767631530762, 0.6701934337615967, 1.2154245376586914, 0.9379600286483765, 1.1229653358459473, 1.048582911491394, 0.9635070562362671, 0.8150250911712646, 1.5117924213409424, 0.8510628342628479, 1.1768559217453003, 1.1763724088668823, 0.41260474920272827, 1.234161615371704, 1.044992446899414, 1.4727132320404053, 1.244989037513733, 0.37958812713623047, 1.0633846521377563, 1.0254496335983276, 1.048442006111145, 1.5629154443740845, 1.2591887712478638, 0.6530798673629761, 1.057123064994812, 0.512334942817688, 1.1416867971420288, 2.0485105514526367, 1.008994221687317, 0.9126515984535217, 0.9157149195671082, 1.3341790437698364
sharpness: 0.5619000169448555lo: 0.5892764204181731lp: 1.1511764373630284

ResNet34
no aug
base
losss
sharpness: 0.03610639646649361, 0.007558319717645645, 0.03219284117221832, -0.007105335593223572, 0.061275139451026917, 0.003265596926212311, 0.09055685251951218, 0.041779711842536926, -0.003236524760723114, 0.024074919521808624, 0.013719126582145691, 0.09288053959608078, 0.03969383239746094, 0.06313836574554443, 0.02771192416548729, 0.03076273202896118, 0.04700461030006409, 0.02368396520614624, -0.028443247079849243, -0.008954480290412903, 0.12060710787773132, 0.09041734784841537, -0.001105472445487976, 0.004038728773593903, 0.0819750502705574, -0.0045652836561203, 0.06595370918512344, 0.014256253838539124, 0.04685436934232712, 0.038513459265232086, 0.0746978223323822, 0.08095978945493698, -0.002716369926929474, 0.0511588454246521, 0.026611700654029846, 0.06813488900661469, 0.015055470168590546, -0.077996626496315, 0.06464360654354095, 0.020344220101833344, 0.036197446286678314, -0.010404668748378754, -0.02631372958421707, -0.005609963089227676, 0.03226413577795029, 0.056067004799842834, -0.012892115861177444, 0.030479319393634796, -0.039014048874378204, -0.011214099824428558, 0.023041345179080963, 0.05653151124715805, 0.004062507301568985, 0.008350946009159088, 0.011400431394577026, 0.010967522859573364, 0.005445517599582672, -0.005736649036407471, 0.1652139201760292, 0.035459935665130615, -0.005843997001647949, 0.028411582112312317, 0.17555361986160278, 0.00378262996673584, 0.03391539305448532, 0.017854228615760803, 0.025718528777360916, 0.028536472469568253, 0.0261651873588562, 0.00805501639842987, 0.014452911913394928, 0.06616716086864471, 0.21002652496099472, 0.024177446961402893, 0.03852677345275879, 0.07621674239635468, 0.04123625159263611, 0.0511612668633461, 0.053322941064834595, 0.08365444839000702
lo: 0.06174831464886665, 0.05014047771692276, 0.07832257449626923, 0.07192139327526093, 0.07657389342784882, 0.08724144846200943, 0.0563046857714653, 0.08619929850101471, 0.09756763279438019, 0.055066145956516266, 0.08376729488372803, 0.09913543611764908, 0.07350988686084747, 0.07470172643661499, 0.053379904478788376, 0.06598494201898575, 0.06333218514919281, 0.08050106465816498, 0.10634361207485199, 0.10825330018997192, 0.13903918862342834, 0.07962142676115036, 0.0944424644112587, 0.04130810499191284, 0.07452910393476486, 0.07122112810611725, 0.05565100908279419, 0.07211854308843613, 0.06825622916221619, 0.06508557498455048, 0.06356930732727051, 0.07729118317365646, 0.08189983665943146, 0.06160768121480942, 0.09416763484477997, 0.09200458228588104, 0.09158967435359955, 0.18312282860279083, 0.07608221471309662, 0.06288858503103256, 0.09228888899087906, 0.08971137553453445, 0.11782272905111313, 0.05512801930308342, 0.05166659504175186, 0.09422753751277924, 0.0741732195019722, 0.05106107145547867, 0.08892706036567688, 0.06813572347164154, 0.06820427626371384, 0.06998155266046524, 0.057384658604860306, 0.062098659574985504, 0.10269023478031158, 0.08089016377925873, 0.05796515941619873, 0.07510066032409668, 0.0923502966761589, 0.06560011208057404, 0.05639812350273132, 0.0546923503279686, 0.09177416563034058, 0.07515772432088852, 0.05941849201917648, 0.0874866470694542, 0.059771161526441574, 0.060198377817869186, 0.09646562486886978, 0.0740908831357956, 0.06851170212030411, 0.06706328690052032, 0.05147067457437515, 0.06579525768756866, 0.06355644762516022, 0.07349742949008942, 0.07046881318092346, 0.10936687141656876, 0.06919535994529724, 0.06620027124881744
lp 0.09785471111536026, 0.057698797434568405, 0.11051541566848755, 0.06481605768203735, 0.13784903287887573, 0.09050704538822174, 0.14686153829097748, 0.12797901034355164, 0.09433110803365707, 0.07914106547832489, 0.09748642146587372, 0.19201597571372986, 0.11320371925830841, 0.13784009218215942, 0.08109182864427567, 0.09674767404794693, 0.1103367954492569, 0.10418502986431122, 0.07790036499500275, 0.09929881989955902, 0.25964629650115967, 0.17003877460956573, 0.09333699196577072, 0.045346833765506744, 0.15650415420532227, 0.06665584444999695, 0.12160471826791763, 0.08637479692697525, 0.1151105985045433, 0.10359903424978256, 0.1382671296596527, 0.15825097262859344, 0.07918346673250198, 0.11276652663946152, 0.12077933549880981, 0.16013947129249573, 0.1066451445221901, 0.10512620210647583, 0.14072582125663757, 0.0832328051328659, 0.12848633527755737, 0.0793067067861557, 0.09150899946689606, 0.04951805621385574, 0.08393073081970215, 0.15029454231262207, 0.061281103640794754, 0.08154039084911346, 0.049913011491298676, 0.05692162364721298, 0.0912456214427948, 0.1265130639076233, 0.06144716590642929, 0.07044960558414459, 0.11409066617488861, 0.09185768663883209, 0.0634106770157814, 0.06936401128768921, 0.2575642168521881, 0.10106004774570465, 0.050554126501083374, 0.08310393244028091, 0.26732778549194336, 0.07894035428762436, 0.0933338850736618, 0.105340875685215, 0.08548969030380249, 0.08873485028743744, 0.12263081222772598, 0.08214589953422546, 0.08296461403369904, 0.13323044776916504, 0.2614971995353699, 0.08997270464897156, 0.102083221077919, 0.1497141718864441, 0.11170506477355957, 0.16052813827991486, 0.12251830101013184, 0.14985471963882446
sharpness: 0.034136141277849676lo: 0.07639348972588778lp: 0.11052963100373744

Conv4
aug
base
losss
sharpness: 0.016680777072906494, 0.015136945992708206, 0.011127322912216187, 0.01383153349161148, 0.019589796662330627, 0.01356988400220871, 0.015442319214344025, 0.010315749794244766, 0.016739051789045334, 0.013829458504915237, 0.014840606600046158, 0.01644742116332054, 0.01625100150704384, 0.014841344207525253, 0.01051439717411995, 0.013017233461141586, 0.01239539310336113, 0.017943155020475388, 0.01777183637022972, 0.00828961655497551, 0.009399525821208954, 0.013496868312358856, 0.024089593440294266, 0.0163668692111969, 0.021441854536533356, 0.01129334606230259, 0.018371451646089554, 0.0207231342792511, 0.01460813358426094, 0.025941334664821625, 0.01098346896469593, 0.015931643545627594, 0.019084692001342773, 0.014581233263015747, 0.009273707866668701, 0.018331844359636307, 0.017113137990236282, 0.011207159608602524, 0.013057902455329895, 0.02276679128408432, 0.014022588729858398, 0.011646877974271774, 0.01514040119946003, 0.005732370540499687, 0.02371221035718918, 0.012072224169969559, 0.010200515389442444, 0.01529998704791069, 0.014424003660678864, 0.022723911330103874, 0.020983118563890457, 0.013789009302854538, 0.006796065717935562, 0.01297626830637455, 0.01507628709077835, 0.013226591050624847, 0.021138355135917664, 0.018097441643476486, 0.016833744943141937, 0.0168779194355011, 0.00964154489338398, 0.01495947316288948, 0.015197612345218658, 0.021420471370220184, 0.019512595608830452, 0.01713819056749344, 0.02055613324046135, 0.008757872506976128, 0.015143267810344696, 0.019122067838907242, 0.017584968358278275, 0.01645680144429207, 0.024672605097293854, 0.01884862780570984, 0.012369431555271149, 0.01570182293653488, 0.011186700314283371, 0.014336120337247849, 0.024249736219644547, 0.02610383927822113
lo: 0.04292115569114685, 0.028081536293029785, 0.03621908277273178, 0.04032495990395546, 0.039894528687000275, 0.03435949236154556, 0.03919658064842224, 0.04267806559801102, 0.03344539552927017, 0.0440988726913929, 0.03431369364261627, 0.03597913682460785, 0.03935936838388443, 0.0389835350215435, 0.03178549185395241, 0.043452586978673935, 0.0360528826713562, 0.03854019194841385, 0.04239114373922348, 0.030688729137182236, 0.0404137521982193, 0.030168775469064713, 0.047356631606817245, 0.03288538381457329, 0.04108364135026932, 0.0310042854398489, 0.03410692140460014, 0.041645199060440063, 0.036277495324611664, 0.0480070635676384, 0.024322034791111946, 0.03435242176055908, 0.039070211350917816, 0.03393222391605377, 0.04125729948282242, 0.0401521734893322, 0.0435541495680809, 0.05023219436407089, 0.028727039694786072, 0.034784525632858276, 0.03347250074148178, 0.03601949289441109, 0.02809838019311428, 0.024840202182531357, 0.036774344742298126, 0.03815057873725891, 0.03165004402399063, 0.033510275185108185, 0.0324525460600853, 0.02990748919546604, 0.0389954149723053, 0.04152349755167961, 0.027262885123491287, 0.022523144260048866, 0.03866596147418022, 0.035694777965545654, 0.034279562532901764, 0.03627094626426697, 0.04705844819545746, 0.03413724899291992, 0.030886640772223473, 0.03627263754606247, 0.03986864537000656, 0.035397548228502274, 0.02887960709631443, 0.03521792218089104, 0.03939484432339668, 0.0231939610093832, 0.038763321936130524, 0.04333023726940155, 0.029590416699647903, 0.035232070833444595, 0.04569024592638016, 0.03601676970720291, 0.0310337096452713, 0.036906469613313675, 0.036992091685533524, 0.033534251153469086, 0.037796203047037125, 0.039033323526382446
lp 0.059601932764053345, 0.04321848228573799, 0.04734640568494797, 0.05415649339556694, 0.0594843253493309, 0.04792937636375427, 0.054638899862766266, 0.05299381539225578, 0.050184447318315506, 0.057928331196308136, 0.04915430024266243, 0.05242655798792839, 0.05561036989092827, 0.053824879229068756, 0.04229988902807236, 0.05646982043981552, 0.04844827577471733, 0.056483346968889236, 0.0601629801094532, 0.038978345692157745, 0.04981327801942825, 0.04366564378142357, 0.07144622504711151, 0.04925225302577019, 0.06252549588680267, 0.04229763150215149, 0.0524783730506897, 0.06236833333969116, 0.050885628908872604, 0.07394839823246002, 0.03530550375580788, 0.050284065306186676, 0.05815490335226059, 0.04851345717906952, 0.05053100734949112, 0.058484017848968506, 0.060667287558317184, 0.061439353972673416, 0.04178494215011597, 0.057551316916942596, 0.04749508947134018, 0.04766637086868286, 0.04323878139257431, 0.030572572723031044, 0.060486555099487305, 0.05022280290722847, 0.041850559413433075, 0.048810262233018875, 0.04687654972076416, 0.052631400525569916, 0.059978533536195755, 0.05531250685453415, 0.03405895084142685, 0.035499412566423416, 0.05374224856495857, 0.0489213690161705, 0.05541791766881943, 0.054368387907743454, 0.0638921931385994, 0.05101516842842102, 0.04052818566560745, 0.05123211070895195, 0.05506625771522522, 0.05681801959872246, 0.04839220270514488, 0.052356112748384476, 0.05995097756385803, 0.03195183351635933, 0.05390658974647522, 0.06245230510830879, 0.04717538505792618, 0.051688872277736664, 0.07036285102367401, 0.05486539751291275, 0.04340314120054245, 0.052608292549848557, 0.048178791999816895, 0.047870371490716934, 0.06204593926668167, 0.06513716280460358
sharpness: 0.015754603897221386lo: 0.036255231406539676lp: 0.05200983530376106

Conv6
aug
base
losss
sharpness: 0.011602479964494705, 0.016930870711803436, 0.025107387453317642, 0.015516523271799088, 0.015011895447969437, 0.00656355544924736, 0.009596455842256546, 0.021989695727825165, 0.015503406524658203, 0.019132662564516068, 0.011110171675682068, 0.01651420071721077, 0.015530239790678024, 0.012150902301073074, 0.022052105516195297, 0.013103611767292023, 0.014500962570309639, 0.016212694346904755, 0.021368324756622314, 0.02592838555574417, 0.018017932772636414, 0.015241183340549469, 0.010039225220680237, 0.01772782951593399, 0.018584582954645157, 0.02554083988070488, 0.015010397881269455, -0.007472865283489227, 0.008699607104063034, 0.013553690165281296, 0.03146645054221153, 0.02145591378211975, 0.01229017972946167, 0.015337469056248665, 0.002383500337600708, 0.02027897536754608, 0.0028781555593013763, 0.010917909443378448, 0.03098466992378235, 0.02507837861776352, 0.013071823865175247, 0.025035392493009567, 0.01585770770907402, 0.0024168305099010468, 0.018996182829141617, 0.022881992161273956, 0.019932333379983902, 0.0218112263828516, 0.018137767910957336, 0.011943910270929337, 0.01714068278670311, 0.021054629236459732, 0.010980594903230667, 0.0263353418558836, 0.015154056251049042, 0.019236914813518524, 0.026570789515972137, 0.008304595947265625, 0.014843758195638657, 0.017853934317827225, 0.010540639981627464, 0.010688766837120056, 0.015447061508893967, 0.017784662544727325, 0.015887977555394173, 0.0044398121535778046, 0.01039729081094265, 0.031718142330646515, 0.013866689056158066, 0.019361209124326706, 0.013116147369146347, 0.02751285582780838, 0.014815740287303925, 0.023375041782855988, 0.010565463453531265, 0.023272350430488586, 0.017911314964294434, 0.017090871930122375, 0.028393283486366272, 0.018141798675060272
lo: 0.039538342505693436, 0.031056862324476242, 0.043613653630018234, 0.03697062283754349, 0.04119068384170532, 0.041192226111888885, 0.03496941179037094, 0.03767392039299011, 0.038552701473236084, 0.035650383681058884, 0.03697769343852997, 0.03650491312146187, 0.040490176528692245, 0.03945748135447502, 0.042457181960344315, 0.040206603705883026, 0.028255244717001915, 0.0346132293343544, 0.038125477731227875, 0.03587053343653679, 0.052099309861660004, 0.03981199115514755, 0.043841466307640076, 0.03619055077433586, 0.03143168240785599, 0.0371515192091465, 0.029427852481603622, 0.052408814430236816, 0.03524329513311386, 0.03560458868741989, 0.04641430452466011, 0.036358464509248734, 0.036772944033145905, 0.030502384528517723, 0.04565160349011421, 0.04378344118595123, 0.04209284856915474, 0.04564017429947853, 0.033159926533699036, 0.03770708292722702, 0.04440077021718025, 0.04149041697382927, 0.040303654968738556, 0.033452849835157394, 0.03216129168868065, 0.037979189306497574, 0.03247085586190224, 0.02683674730360508, 0.03251595050096512, 0.03001509979367256, 0.039480261504650116, 0.046363022178411484, 0.03976886719465256, 0.03115404210984707, 0.03325704112648964, 0.03322798013687134, 0.05149763077497482, 0.03230852633714676, 0.03073291853070259, 0.03125997260212898, 0.022764218971133232, 0.024203229695558548, 0.04409610852599144, 0.03491692990064621, 0.029190992936491966, 0.03732550889253616, 0.03069079853594303, 0.039635173976421356, 0.0466952845454216, 0.03196178004145622, 0.040022484958171844, 0.039217397570610046, 0.025545746088027954, 0.040766142308712006, 0.04011087492108345, 0.038143180310726166, 0.03701169043779373, 0.03738122433423996, 0.04039687663316727, 0.029179945588111877
lp 0.05114082247018814, 0.04798773303627968, 0.06872104108333588, 0.052487146109342575, 0.05620257928967476, 0.047755781561136246, 0.04456586763262749, 0.05966361612081528, 0.05405610799789429, 0.05478304624557495, 0.048087865114212036, 0.05301911383867264, 0.05602041631937027, 0.051608383655548096, 0.06450928747653961, 0.05331021547317505, 0.042756207287311554, 0.050825923681259155, 0.05949380248785019, 0.06179891899228096, 0.07011724263429642, 0.05505317449569702, 0.05388069152832031, 0.05391838029026985, 0.050016265362501144, 0.06269235908985138, 0.04443825036287308, 0.04493594914674759, 0.043942902237176895, 0.04915827885270119, 0.07788075506687164, 0.057814378291368484, 0.049063123762607574, 0.04583985358476639, 0.04803510382771492, 0.06406241655349731, 0.044971004128456116, 0.05655808374285698, 0.06414459645748138, 0.06278546154499054, 0.0574725940823555, 0.06652580946683884, 0.056161362677812576, 0.03586968034505844, 0.051157474517822266, 0.06086118146777153, 0.05240318924188614, 0.04864797368645668, 0.050653718411922455, 0.0419590100646019, 0.056620944291353226, 0.06741765141487122, 0.050749462097883224, 0.05748938396573067, 0.04841109737753868, 0.05246489495038986, 0.07806842029094696, 0.040613122284412384, 0.04557667672634125, 0.04911390691995621, 0.033304858952760696, 0.034891996532678604, 0.059543170034885406, 0.052701592445373535, 0.04507897049188614, 0.04176532104611397, 0.04108808934688568, 0.07135331630706787, 0.060561973601579666, 0.05132298916578293, 0.05313863232731819, 0.06673025339841843, 0.04036148637533188, 0.064141184091568, 0.050676338374614716, 0.06141553074121475, 0.054923005402088165, 0.054472096264362335, 0.06879016011953354, 0.04732174426317215
sharpness: 0.01656660179141909lo: 0.03718242833856493lp: 0.05374903012998402

ResNet34
no aug
base
lossq
sharpness: 0.42448240518569946, 0.4621450901031494, 0.7013541460037231, 0.3924143314361572, 0.793271541595459, 0.49576014280319214, 0.7903451919555664, 1.3038164377212524, 0.4396803379058838, 0.9107950925827026, 0.8609092235565186, 1.0709819793701172, 0.6131126880645752, 0.4144684076309204, 0.5393871068954468, 0.5062865614891052, 0.38463330268859863, 0.2674999237060547, 0.78164142370224, 0.6884864568710327, 0.7078166007995605, 0.44865429401397705, 0.8990240097045898, 0.29898130893707275, 0.6552669405937195, 0.41584694385528564, 0.39192336797714233, 0.5617741346359253, 0.46114981174468994, 0.40583932399749756, 0.6960633993148804, 0.5433529615402222, 0.4442905783653259, 0.5372224450111389, 0.5180066823959351, 0.5580660104751587, 0.7977253198623657, 0.4940758943557739, 0.5466962456703186, 0.5890692472457886, 0.39240533113479614, 0.9832973480224609, 0.5301351547241211, 0.5668583512306213, 0.4881057143211365, 0.622563898563385, 0.5617663264274597, 0.48654812574386597, 0.33906322717666626, 0.5163969397544861, 0.4704517126083374, 0.5480531454086304, 0.6288570761680603, 0.4443877935409546, 0.6519334316253662, 0.41703081130981445, 0.8563076257705688, 0.5814462304115295, 0.47110557556152344, 0.5542595386505127, 0.4163338840007782, 0.5172452926635742, 0.6390776634216309, 0.613014817237854, 0.41753602027893066, 0.4754209816455841, 0.694923996925354, 0.30225008726119995, 0.8880231380462646, 1.141337811946869, 0.6496353149414062, 0.4386385679244995, 0.47335463762283325, 0.7573714256286621, 0.5200779438018799, 0.6392017602920532, 0.5333717465400696, 0.7433291673660278, 0.40108680725097656, 0.6539215445518494
lo: 0.8229233622550964, 0.7604925632476807, 0.8737510442733765, 0.5023921728134155, 1.139952540397644, 0.750292956829071, 1.4206523895263672, 0.5478451251983643, 1.3468947410583496, 1.171714186668396, 1.4166483879089355, 1.1023139953613281, 1.2670382261276245, 1.1814793348312378, 1.1323883533477783, 0.8176136612892151, 0.6065639853477478, 0.4780164957046509, 0.7405179142951965, 0.6579986810684204, 1.0090199708938599, 1.2127606868743896, 0.8414522409439087, 0.6071502566337585, 0.9272194504737854, 1.0524262189865112, 0.5254730582237244, 0.6628655195236206, 1.048630714416504, 1.1463080644607544, 0.7493875026702881, 0.8327209949493408, 0.7685503363609314, 0.39308905601501465, 1.4562232494354248, 0.6719874143600464, 0.7295292615890503, 1.3896331787109375, 0.6153045296669006, 1.3955165147781372, 0.7673842310905457, 0.5569674968719482, 1.1585928201675415, 0.3508550524711609, 0.8958112597465515, 0.6234666705131531, 0.815764844417572, 0.6669149994850159, 0.7088701128959656, 0.6962041258811951, 0.8255096673965454, 1.0561778545379639, 0.6934768557548523, 0.6845569610595703, 0.6321525573730469, 0.6680338382720947, 1.4435657262802124, 0.40860432386398315, 0.854016900062561, 0.9650503396987915, 0.4288121163845062, 1.2698431015014648, 0.8849014043807983, 1.1619267463684082, 0.9501724243164062, 0.4745159447193146, 0.7522150278091431, 0.513888418674469, 1.033381700515747, 0.8107534050941467, 0.5247695446014404, 0.6424006223678589, 0.7430762648582458, 0.41032254695892334, 0.8905422687530518, 1.0275826454162598, 0.6608806252479553, 1.1476669311523438, 0.7103681564331055, 0.6242315173149109
lp 1.247405767440796, 1.22263765335083, 1.5751051902770996, 0.8948065042495728, 1.933224081993103, 1.2460530996322632, 2.2109975814819336, 1.8516615629196167, 1.7865750789642334, 2.0825092792510986, 2.277557611465454, 2.1732959747314453, 1.8801509141921997, 1.5959477424621582, 1.671775460243225, 1.3239002227783203, 0.9911972880363464, 0.7455164194107056, 1.5221593379974365, 1.3464851379394531, 1.7168365716934204, 1.6614149808883667, 1.7404762506484985, 0.9061315655708313, 1.5824863910675049, 1.4682731628417969, 0.9173964262008667, 1.224639654159546, 1.5097805261611938, 1.552147388458252, 1.4454509019851685, 1.376073956489563, 1.2128409147262573, 0.9303115010261536, 1.9742299318313599, 1.230053424835205, 1.527254581451416, 1.8837090730667114, 1.1620007753372192, 1.9845857620239258, 1.1597895622253418, 1.5402648448944092, 1.6887279748916626, 0.9177134037017822, 1.383916974067688, 1.246030569076538, 1.3775311708450317, 1.1534631252288818, 1.0479333400726318, 1.2126010656356812, 1.2959613800048828, 1.6042309999465942, 1.3223339319229126, 1.128944754600525, 1.284085988998413, 1.0850646495819092, 2.2998733520507812, 0.9900505542755127, 1.3251224756240845, 1.5193098783493042, 0.8451460003852844, 1.787088394165039, 1.5239790678024292, 1.7749415636062622, 1.367708444595337, 0.9499369263648987, 1.447139024734497, 0.816138505935669, 1.9214048385620117, 1.9520912170410156, 1.1744048595428467, 1.0810391902923584, 1.216430902481079, 1.1676939725875854, 1.4106202125549316, 1.666784405708313, 1.194252371788025, 1.8909960985183716, 1.111454963684082, 1.2781530618667603
sharpness: 0.5854805409908295lo: 0.8488370798528194lp: 1.434317620843649

