Conv4
no aug
novel
sharpness: 0.019349388778209686, 0.01695818081498146, 0.019556550309062004, 0.004832126200199127, 0.01424882560968399, 0.025991538539528847, -0.011107762344181538, 0.011760398745536804, 0.006306534633040428, -0.007616771385073662, 0.005901830270886421, -0.009982477873563766, -0.0007733926177024841, 0.005893653258681297, 0.002035548910498619, 0.0003503747284412384, 0.00744272954761982, 0.014354590326547623, 0.003826899453997612, -0.0016894396394491196
lo: 0.017411522567272186, 0.01905157044529915, 0.01899891532957554, 0.02101893350481987, 0.02059737965464592, 0.021412083879113197, 0.024372467771172523, 0.018511855974793434, 0.022562120109796524, 0.026454130187630653, 0.02286376990377903, 0.022571880370378494, 0.018467556685209274, 0.019906992092728615, 0.019810646772384644, 0.021657899022102356, 0.015015294775366783, 0.02200184389948845, 0.01808086596429348, 0.02130032517015934
lp: 0.03676091134548187, 0.03600975126028061, 0.03855546563863754, 0.025851059705018997, 0.03484620526432991, 0.047403622418642044, 0.013264705426990986, 0.03027225472033024, 0.028868654742836952, 0.01883735880255699, 0.02876560017466545, 0.012589402496814728, 0.01769416406750679, 0.025800645351409912, 0.021846195682883263, 0.022008273750543594, 0.022458024322986603, 0.03635643422603607, 0.021907765418291092, 0.01961088553071022
sharpness: 0.006381966313347221lo: 0.020603402704000472

Conv6
no aug
novel
sharpness: 0.029138848185539246, 0.007617160677909851, 0.0034771226346492767, -0.009188652038574219, 0.010969320312142372, -0.011894523166120052, -0.0023070257157087326, 0.012388989329338074, -0.0009625386446714401, 0.019008304923772812, -0.005664758384227753, 0.0036502238363027573, 0.0023868363350629807, 0.013286875560879707, 0.00021572038531303406, 0.0007911175489425659, 0.02645314857363701, -0.001206234097480774, 0.0038832444697618484, -0.0070949215441942215
lo: 0.022158894687891006, 0.020001661032438278, 0.02679728902876377, 0.02732870541512966, 0.022374937310814857, 0.025872651487588882, 0.021603388711810112, 0.021022815257310867, 0.02740097977221012, 0.020121198147535324, 0.026154708117246628, 0.02305612526834011, 0.020586149767041206, 0.023110156878829002, 0.024167224764823914, 0.02543000318109989, 0.0285925455391407, 0.02272023819386959, 0.02238057740032673, 0.024590251967310905
lp: 0.05129774287343025, 0.02761882171034813, 0.030274411663413048, 0.018140053376555443, 0.03334425762295723, 0.01397812832146883, 0.01929636299610138, 0.03341180458664894, 0.02643844112753868, 0.039129503071308136, 0.020489949733018875, 0.026706349104642868, 0.022972986102104187, 0.03639703243970871, 0.024382945150136948, 0.026221120730042458, 0.05504569411277771, 0.021514004096388817, 0.026263821870088577, 0.017495330423116684
sharpness: 0.004747412959113717lo: 0.023773525096476077

ResNet10
no aug
novel
sharpness: -0.019223831593990326, -0.0559566505253315, 0.0038327649235725403, 0.005757313221693039, -0.0521295927464962, 0.01764587312936783, -0.03679985553026199, 0.029657460749149323, -0.053683796897530556, 0.007157992571592331, -0.02244378998875618, -0.021953947842121124, 0.015249647200107574, 0.004094026982784271, -0.08988968282938004, -0.06512713432312012, 0.022398173809051514, -0.0006431117653846741, -0.016999516636133194, -0.04035399109125137
lo: 0.07725149393081665, 0.08247353136539459, 0.06811267882585526, 0.05990011617541313, 0.08107762783765793, 0.06280458718538284, 0.07471273094415665, 0.07078041881322861, 0.08065660297870636, 0.05797586962580681, 0.05784897133708, 0.07279907166957855, 0.0689195767045021, 0.0856725350022316, 0.13806283473968506, 0.10004004091024399, 0.06852833926677704, 0.08977719396352768, 0.062333784997463226, 0.09312471747398376
lo: 0.058027662336826324, 0.026516880840063095, 0.0719454437494278, 0.06565742939710617, 0.028948035091161728, 0.08045046031475067, 0.03791287541389465, 0.10043787956237793, 0.026972806081175804, 0.06513386219739914, 0.03540518134832382, 0.05084512382745743, 0.08416922390460968, 0.08976656198501587, 0.04817315191030502, 0.03491290658712387, 0.09092651307582855, 0.089134082198143, 0.04533426836133003, 0.05277072638273239
sharpness: -0.01847058245912194lo: 0.07764263618737459

ResNet18
no aug
novel
sharpness: -0.026067644357681274, -0.0281311497092247, -0.04495150875300169, -0.022507037967443466, -0.020143192261457443, -0.05771629139780998, -0.031745513901114464, -0.0024814605712890625, -0.03311925008893013, -0.01689043827354908, -0.03894718550145626, 1.529604196548462e-05, -0.188611701130867, -0.005487825721502304, 0.03708422929048538, 0.021627895534038544, -0.031198939308524132, -0.04137849435210228, -0.02083713933825493, -0.0042272284626960754
lo: 0.08023491501808167, 0.06535577774047852, 0.0599030926823616, 0.04579436033964157, 0.05242887884378433, 0.07348472625017166, 0.05523955821990967, 0.04472311586141586, 0.05849013477563858, 0.04592420905828476, 0.06287477910518646, 0.07548508793115616, 0.21422262489795685, 0.06153953820466995, 0.07176994532346725, 0.047516338527202606, 0.05663701891899109, 0.07127691805362701, 0.0767122432589531, 0.04674443602561951
lp 0.05416727066040039, 0.037224628031253815, 0.014951583929359913, 0.023287322372198105, 0.03228568658232689, 0.01576843485236168, 0.023494044318795204, 0.0422416552901268, 0.02537088468670845, 0.02903377078473568, 0.0239275936037302, 0.07550038397312164, 0.025610923767089844, 0.05605171248316765, 0.10885417461395264, 0.06914423406124115, 0.025438079610466957, 0.029898423701524734, 0.055875103920698166, 0.04251720756292343
sharpness: -0.027785729011520745lo: 0.06831788495182992lp: 0.040532155940309164

ResNet34
no aug
novel
sharpness: 0.04126185178756714, -0.038028597831726074, 0.03190222382545471, 0.05675450712442398, -0.07354571670293808, -0.01015494018793106, 0.0387938991189003, 0.021442078053951263, -0.02777712792158127, -0.012842841446399689, -0.034267358481884, 0.08569775521755219, -0.018780753016471863, 0.03220921382308006, 0.04300181567668915, -0.06878970563411713, -0.017738770693540573, 0.04189908504486084, 0.0030773580074310303, 0.0439385324716568
lo: 0.07255445420742035, 0.12374855577945709, 0.09516739845275879, 0.061360396444797516, 0.11029478162527084, 0.08216332644224167, 0.08638962358236313, 0.07260508835315704, 0.10404933989048004, 0.09393752366304398, 0.09772125631570816, 0.07668645679950714, 0.1049785166978836, 0.06173248216509819, 0.09437619149684906, 0.1425623744726181, 0.07819440960884094, 0.07929740846157074, 0.09852994978427887, 0.11351807415485382
lp 0.11381630599498749, 0.08571995794773102, 0.1270696222782135, 0.1181149035692215, 0.036749064922332764, 0.07200838625431061, 0.12518352270126343, 0.0940471664071083, 0.07627221196889877, 0.08109468221664429, 0.06345389783382416, 0.16238421201705933, 0.08619776368141174, 0.09394169598817825, 0.1373780071735382, 0.07377266883850098, 0.06045563891530037, 0.12119649350643158, 0.1016073077917099, 0.15745660662651062
sharpness: 0.006902625411748886lo: 0.09249338041990995lp: 0.09939600583165883
Conv4
aug
novel
sharpness: 0.14149606972932816, 0.05323803424835205, 0.061266928911209106, 0.04424385726451874, 0.01842796429991722, 0.10815492272377014, 0.017329704016447067, 0.09405788034200668, 0.04524307698011398, 0.028832275420427322, 0.009721409529447556, 0.05398278683423996, 0.030563849955797195, 0.07328354939818382, 0.07598059624433517, 0.0661659687757492, 0.06792067736387253, 0.0390225388109684, 0.04881798103451729, 0.0894811861217022
lo: 0.04833725839853287, 0.05482812970876694, 0.0531076118350029, 0.053863346576690674, 0.05376855656504631, 0.06052359938621521, 0.045316267758607864, 0.04881597310304642, 0.04737538844347, 0.060833197087049484, 0.06066863611340523, 0.05394783616065979, 0.04785187914967537, 0.038904767483472824, 0.04912798851728439, 0.05245976895093918, 0.031644679605960846, 0.05418438836932182, 0.04971018061041832, 0.048393357545137405
lp 0.18983332812786102, 0.10806616395711899, 0.114374540746212, 0.09810720384120941, 0.07219652086496353, 0.16867852210998535, 0.06264597177505493, 0.1428738534450531, 0.09261846542358398, 0.0896654725074768, 0.07039004564285278, 0.10793062299489975, 0.07841572910547256, 0.11218831688165665, 0.12510858476161957, 0.11862573772668839, 0.09956535696983337, 0.09320692718029022, 0.09852816164493561, 0.1378745436668396
sharpness: 0.05836156290024519lo: 0.05068314056843519lp: 0.10904470346868038

Conv6
aug
novel
sharpness: 0.010649412870407104, 0.0010126084089279175, 0.01710488274693489, -0.01420842856168747, 0.026783548295497894, -0.0015599019825458527, 0.006937552243471146, 0.0007326826453208923, 0.002598680555820465, 0.01386076956987381, -0.01025645062327385, -0.014063581824302673, 0.006484556943178177, -0.007977187633514404, 0.009035442024469376, -0.03075709566473961, -0.008764009922742844, 0.014305934309959412, -0.006561260670423508, 0.01939237490296364
lo: 0.04691271111369133, 0.052099622786045074, 0.04761846736073494, 0.06383790075778961, 0.04569897800683975, 0.04068776220083237, 0.041048478335142136, 0.055954862385988235, 0.041357289999723434, 0.04197443649172783, 0.05557285621762276, 0.06651904433965683, 0.05643593147397041, 0.055372171103954315, 0.0420740582048893, 0.06613922864198685, 0.039253316819667816, 0.04800502210855484, 0.04715413972735405, 0.045981865376234055
lp 0.057562123984098434, 0.05311223119497299, 0.06472335010766983, 0.04962947219610214, 0.07248252630233765, 0.039127860218286514, 0.04798603057861328, 0.05668754503130913, 0.0439559705555439, 0.05583520606160164, 0.04531640559434891, 0.052455462515354156, 0.06292048841714859, 0.04739498347043991, 0.05110950022935867, 0.03538213297724724, 0.030489306896924973, 0.06231095641851425, 0.04059287905693054, 0.06537424027919769
sharpness: 0.0017375264316797257lo: 0.049984907172620295lp: 0.051722433604300025

ResNet10
aug
novel
sharpness: 0.014380112290382385, -0.03867684304714203, 0.0009864307940006256, -0.031307145953178406, -0.018777940422296524, -0.0523350965231657, -0.007386002689599991, -0.0315922312438488, 0.023540392518043518, 0.013440590351819992, -0.01820562779903412, -0.008564356714487076, 0.003013402223587036, -0.03395390510559082, -0.06318682059645653, -0.028002914041280746, 0.02216561883687973, -0.053080491721630096, 0.05395539849996567, 0.03471221402287483
lo: 0.05534461885690689, 0.07106053829193115, 0.04769781604409218, 0.07117966562509537, 0.06612851470708847, 0.07320786267518997, 0.06171322986483574, 0.06184510141611099, 0.0567503497004509, 0.04815862327814102, 0.052351247519254684, 0.07058735191822052, 0.05597629398107529, 0.09421344846487045, 0.09964708238840103, 0.08040560781955719, 0.037715233862400055, 0.10742036998271942, 0.056803107261657715, 0.04364963248372078
lp 0.06972473114728928, 0.032383695244789124, 0.048684246838092804, 0.03987251967191696, 0.047350574284791946, 0.02087276615202427, 0.05432722717523575, 0.030252870172262192, 0.08029074221849442, 0.061599213629961014, 0.034145619720220566, 0.062022995203733444, 0.05898969620466232, 0.06025954335927963, 0.036460261791944504, 0.052402693778276443, 0.059880852699279785, 0.054339878261089325, 0.11075850576162338, 0.07836184650659561
sharpness: -0.010943760816007852lo: 0.065592784807086lp: 0.05464902399107814

ResNet18
aug
novel
sharpness: -0.05002375692129135, -0.11153402179479599, -0.030283689498901367, -0.1106710396707058, 0.0077338069677352905, -0.05956020951271057, -0.05476176738739014, -0.04051757603883743, 0.04558325558900833, -0.0403304286301136, -0.03639509901404381, -0.08054114878177643, 0.013196401298046112, -0.10142979025840759, -0.04777933657169342, -0.1556294932961464, -0.016411736607551575, -0.06714224442839622, 0.04363991320133209, 0.16637815535068512
lo: 0.11262078583240509, 0.1962084025144577, 0.11072681844234467, 0.15222051739692688, 0.10384668409824371, 0.11965443938970566, 0.10401195287704468, 0.09831811487674713, 0.06776924431324005, 0.09233734756708145, 0.0976608544588089, 0.16175273060798645, 0.09124526381492615, 0.1397649645805359, 0.13958081603050232, 0.23912008106708527, 0.10855112224817276, 0.12025050818920135, 0.09303586184978485, 0.07049275934696198
lp 0.06259702891111374, 0.08467438071966171, 0.0804431289434433, 0.041549477726221085, 0.111580491065979, 0.06009422987699509, 0.04925018548965454, 0.0578005388379097, 0.11335249990224838, 0.05200691893696785, 0.06126575544476509, 0.08121158182621002, 0.10444166511297226, 0.038335174322128296, 0.0918014794588089, 0.08349058777093887, 0.09213938564062119, 0.05310826376080513, 0.13667577505111694, 0.2368709146976471
sharpness: -0.03632399030029774lo: 0.12095846347510815lp: 0.0846344731748104

ResNet34
aug
novel
sharpness: -0.013617679476737976, -0.10818377137184143, -8.13603401184082e-06, -0.0896097719669342, 0.07831326127052307, 0.009620040655136108, -0.0005738586187362671, 0.07468035817146301, 0.16418473422527313, 0.1289517804980278, 0.029182538390159607, -0.045425862073898315, 0.033636271953582764, -0.18265052139759064, -0.07793381810188293, -0.08621665835380554, -0.036965660750865936, -0.02676376700401306, 0.05222867429256439, 0.02843630313873291
lo: 0.18399792909622192, 0.21482357382774353, 0.12727008759975433, 0.16533267498016357, 0.11887913942337036, 0.12998665869235992, 0.1371738314628601, 0.1260680854320526, 0.1719360500574112, 0.1126459464430809, 0.14090007543563843, 0.19771447777748108, 0.16391579806804657, 0.2982881963253021, 0.1659260243177414, 0.17574100196361542, 0.1584649384021759, 0.12848319113254547, 0.1514481008052826, 0.1307203471660614
lp 0.17038024961948395, 0.1066398024559021, 0.1272619515657425, 0.07572290301322937, 0.19719240069389343, 0.13960669934749603, 0.13659997284412384, 0.20074844360351562, 0.3361207842826843, 0.2415977269411087, 0.17008261382579803, 0.15228861570358276, 0.19755207002162933, 0.11563767492771149, 0.08799220621585846, 0.08952434360980988, 0.12149927765130997, 0.10171942412853241, 0.20367677509784698, 0.1591566503047943
sharpness: -0.0034357771277427674lo: 0.15998580642044544lp: 0.15655002929270267

Conv4
no aug
novel
sharpness: 5.027135372161865, 3.3808354139328003, 3.3934208154678345, 3.8545758724212646, 3.612335443496704, 4.663202524185181, 4.864395022392273, 3.497817635536194, 3.230346441268921, 5.286515474319458, 4.579123258590698, 3.9530566930770874, 3.8413047790527344, 3.9764602184295654, 3.634516716003418, 4.240826487541199, 4.457692742347717, 3.980633497238159, 3.5975664854049683, 3.169762372970581
lo: 1.418851375579834, 1.3241959810256958, 1.4506357908248901, 1.4801928997039795, 1.3865482807159424, 1.68314528465271, 1.3888126611709595, 1.456823706626892, 1.6354153156280518, 1.477604627609253, 2.011476755142212, 1.523337960243225, 1.2440099716186523, 1.4962918758392334, 1.6234912872314453, 1.406556248664856, 1.2750414609909058, 1.4668691158294678, 1.4072214365005493, 1.447974443435669
lp 6.445986747741699, 4.705031394958496, 4.844056606292725, 5.334768772125244, 4.9988837242126465, 6.346347808837891, 6.253207683563232, 4.954641342163086, 4.865761756896973, 6.764120101928711, 6.59060001373291, 5.4763946533203125, 5.085314750671387, 5.472752094268799, 5.258008003234863, 5.647382736206055, 5.732734203338623, 5.447502613067627, 5.004787921905518, 4.61773681640625
sharpness: 4.0120761632919315lo: 1.4802248239517213lp: 5.492300987243652

Conv6
no aug
novel
sharpness: 4.752279877662659, 5.1658570766448975, 3.9699089527130127, 6.092423439025879, 4.148011684417725, 5.261009693145752, 6.216752648353577, 3.953977108001709, 3.4403258562088013, 4.442250609397888, 5.811514735221863, 4.866623163223267, 3.646455764770508, 4.06339430809021, 4.053917050361633, 2.5902494192123413, 5.583083391189575, 5.647990584373474, 6.340330123901367, 4.026668548583984
lo: 1.3381727933883667, 1.9150364398956299, 1.397001028060913, 1.604600429534912, 1.5704407691955566, 1.4662208557128906, 1.1083930730819702, 1.4721698760986328, 1.3409661054611206, 1.1570054292678833, 1.2182337045669556, 1.3045799732208252, 1.2197165489196777, 1.3596084117889404, 1.8122304677963257, 1.3601514101028442, 1.297276258468628, 1.5921183824539185, 1.5526695251464844, 1.0678229331970215
lp 6.090452671051025, 7.080893516540527, 5.366909980773926, 7.697023868560791, 5.718452453613281, 6.727230548858643, 7.325145721435547, 5.426146984100342, 4.781291961669922, 5.5992560386657715, 7.029748439788818, 6.171203136444092, 4.8661723136901855, 5.42300271987915, 5.866147518157959, 3.9504008293151855, 6.880359649658203, 7.240108966827393, 7.892999649047852, 5.094491481781006
sharpness: 4.703651201725006lo: 1.407720720767975lp: 6.111371922492981

ResNet10
no aug
novel
sharpness: 5.36097264289856, 4.923500657081604, 3.075552821159363, 4.266177415847778, 4.680751204490662, 4.597405195236206, 5.341396331787109, 3.9381173849105835, 2.9491294622421265, 5.495531439781189, 5.501991510391235, 4.518851280212402, 4.170237183570862, 3.472160816192627, 3.305048108100891, 2.692941665649414, 4.806830406188965, 4.72781240940094, 5.82530415058136, 3.979085683822632
lo: 1.0347611904144287, 1.533225417137146, 1.4355236291885376, 1.1318480968475342, 1.514121651649475, 2.1372392177581787, 1.4961328506469727, 1.462502121925354, 1.2743688821792603, 1.4956451654434204, 2.0165841579437256, 1.042616367340088, 1.1397336721420288, 1.1995925903320312, 1.4340804815292358, 1.2951080799102783, 1.3514060974121094, 1.4911073446273804, 1.5229805707931519, 1.2463629245758057
lp 6.395733833312988, 6.45672607421875, 4.5110764503479, 5.3980255126953125, 6.194872856140137, 6.734644412994385, 6.837529182434082, 5.4006195068359375, 4.223498344421387, 6.991176605224609, 7.518575668334961, 5.56146764755249, 5.309970855712891, 4.671753406524658, 4.739128589630127, 3.9880497455596924, 6.158236503601074, 6.21891975402832, 7.348284721374512, 5.2254486083984375
sharpness: 4.381439888477326lo: 1.4127470254898071lp: 5.794186913967133

ResNet18
no aug
novel
sharpness: 5.6302372217178345, 5.767485737800598, 4.255813121795654, 4.661647081375122, 4.121293663978577, 4.690637111663818, 5.535715460777283, 3.1347111463546753, 5.928884029388428, 6.842906475067139, 5.7402729988098145, 3.239574909210205, 4.0369404554367065, 4.00184178352356, 4.626003742218018, 3.43839168548584, 4.7318434715271, 5.475829005241394, 4.312187194824219, 5.453772187232971
lo: 1.3403843641281128, 1.8116906881332397, 1.4084439277648926, 1.6163971424102783, 1.982904314994812, 1.1921095848083496, 1.4382573366165161, 1.4908462762832642, 1.3512005805969238, 1.3359055519104004, 1.930647373199463, 1.2908496856689453, 1.4911457300186157, 1.3662941455841064, 1.437103271484375, 1.2901639938354492, 1.4225258827209473, 1.803754448890686, 1.397336483001709, 1.0987857580184937
lp 6.970621585845947, 7.579176425933838, 5.664257049560547, 6.2780442237854, 6.104197978973389, 5.882746696472168, 6.973972797393799, 4.6255574226379395, 7.280084609985352, 8.178812026977539, 7.670920372009277, 4.53042459487915, 5.528086185455322, 5.368135929107666, 6.063107013702393, 4.728555679321289, 6.154369354248047, 7.27958345413208, 5.709523677825928, 6.552557945251465
sharpness: 4.781299424171448lo: 1.474837327003479lp: 6.256136751174926

ResNet34
no aug
novel
sharpness: 4.936253786087036, 3.638502836227417, 3.5479583740234375, 5.272201776504517, 3.346412420272827, 4.984338045120239, 4.103142976760864, 4.119327425956726, 2.6187649965286255, 4.338427305221558, 5.370635747909546, 5.130130410194397, 3.5972487926483154, 4.48015022277832, 5.04283082485199, 2.2967089414596558, 5.495270609855652, 4.869356632232666, 6.405889272689819, 5.445974230766296
lo: 1.3276827335357666, 1.7427546977996826, 1.6418681144714355, 1.5914247035980225, 1.6885926723480225, 1.434335470199585, 1.615405797958374, 1.4127236604690552, 1.3027023077011108, 1.1487905979156494, 1.6512606143951416, 1.47049081325531, 1.3791801929473877, 1.0968875885009766, 1.6354905366897583, 1.2378042936325073, 1.3332911729812622, 1.7679619789123535, 1.5990078449249268, 1.535476803779602
lp 6.263936519622803, 5.3812575340271, 5.189826488494873, 6.863626480102539, 5.03500509262085, 6.418673515319824, 5.718548774719238, 5.532051086425781, 3.9214673042297363, 5.487217903137207, 7.0218963623046875, 6.600621223449707, 4.976428985595703, 5.577037811279297, 6.678321361541748, 3.534513235092163, 6.828561782836914, 6.6373186111450195, 8.004897117614746, 6.981451034545898
sharpness: 4.451976281404495lo: 1.4806566298007966lp: 5.932632911205292

Conv4
aug
novel
sharpness: 3.910363793373108, 3.035606265068054, 1.9114614725112915, 4.043813347816467, 2.405234694480896, 4.027096748352051, 4.372056484222412, 2.1874921321868896, 2.5755503177642822, 4.137287497520447, 3.410199761390686, 3.438226342201233, 2.559283137321472, 2.6098958253860474, 3.2902023792266846, 2.6337820291519165, 3.8874913454055786, 2.436082124710083, 3.6383469104766846, 3.0407166481018066
lo: 1.4263628721237183, 1.5557247400283813, 1.260459542274475, 1.3316420316696167, 1.5619429349899292, 1.384671688079834, 1.3606858253479004, 1.3980388641357422, 1.5045735836029053, 1.1804453134536743, 1.5182102918624878, 1.4645541906356812, 1.3009191751480103, 1.4302986860275269, 1.3738925457000732, 1.2647539377212524, 1.2498263120651245, 1.406003713607788, 1.3487379550933838, 1.4138712882995605
lp 5.336726665496826, 4.5913310050964355, 3.1719210147857666, 5.375455379486084, 3.967177629470825, 5.411768436431885, 5.7327423095703125, 3.585530996322632, 4.0801239013671875, 5.317732810974121, 4.928410053253174, 4.902780532836914, 3.8602023124694824, 4.040194511413574, 4.664094924926758, 3.898535966873169, 5.137317657470703, 3.842085838317871, 4.987084865570068, 4.454587936401367
sharpness: 3.1775094628334046lo: 1.3867807745933534lp: 4.564290237426758

Conv6
aug
novel
sharpness: 4.601619362831116, 3.032401919364929, 3.260750889778137, 4.175185322761536, 3.074575185775757, 4.148674845695496, 4.0272276401519775, 3.3199933767318726, 4.114332318305969, 3.9380193948745728, 4.22274124622345, 4.564347624778748, 3.7621735334396362, 3.2552268505096436, 3.362150549888611, 3.028033137321472, 4.668506383895874, 3.6512361764907837, 2.9377325773239136, 3.6526628732681274
lo: 1.1462968587875366, 1.4840399026870728, 1.1799558401107788, 1.3465288877487183, 1.3641722202301025, 1.0446439981460571, 0.7848131656646729, 1.4207402467727661, 1.445372462272644, 0.9123977422714233, 1.2234305143356323, 1.4011727571487427, 1.1679378747940063, 1.4943578243255615, 1.3587895631790161, 1.5433951616287231, 1.3932411670684814, 1.5350803136825562, 1.2368732690811157, 1.2734850645065308
lp 5.747916221618652, 4.516441822052002, 4.440706729888916, 5.521714210510254, 4.438747406005859, 5.193318843841553, 4.81204080581665, 4.740733623504639, 5.559704780578613, 4.850417137145996, 5.446171760559082, 5.96552038192749, 4.930111408233643, 4.749584674835205, 4.720940113067627, 4.571428298950195, 6.0617475509643555, 5.18631649017334, 4.174605846405029, 4.926147937774658
sharpness: 3.7398795604705812lo: 1.287836241722107lp: 5.027715802192688

ResNet10
aug
novel
sharpness: 5.089294016361237, 2.992733359336853, 3.3174268007278442, 3.848324179649353, 5.160675406455994, 4.39544939994812, 5.165294826030731, 3.039250373840332, 4.291877865791321, 5.837236166000366, 5.089651942253113, 3.2465626001358032, 1.6089664697647095, 3.712748646736145, 3.2360212802886963, 4.078328013420105, 4.401144504547119, 3.592318296432495, 6.681355237960815, 3.0671658515930176
lo: 0.9078940749168396, 1.4963093996047974, 1.6300843954086304, 1.000285267829895, 1.4366623163223267, 1.0645020008087158, 0.8573744893074036, 1.3894023895263672, 1.1171878576278687, 1.0680501461029053, 0.9855061769485474, 1.1193712949752808, 1.1113256216049194, 1.1959127187728882, 1.342982530593872, 1.0099879503250122, 1.2860488891601562, 1.5721662044525146, 1.2196362018585205, 1.073495864868164
lp 5.997188091278076, 4.48904275894165, 4.947511196136475, 4.848609447479248, 6.59733772277832, 5.459951400756836, 6.022669315338135, 4.428652763366699, 5.4090657234191895, 6.9052863121032715, 6.07515811920166, 4.365933895111084, 2.720292091369629, 4.908661365509033, 4.579003810882568, 5.088315963745117, 5.687193393707275, 5.16448450088501, 7.900991439819336, 4.140661716461182
sharpness: 4.092591261863708lo: 1.1942092895507812lp: 5.28680055141449

ResNet18
aug
novel
sharpness: 3.953496217727661, 1.7961369752883911, 3.0513603687286377, 5.603980183601379, 4.898990869522095, 3.210308790206909, 3.732021689414978, 2.9520747661590576, 4.433641314506531, 5.049504637718201, 5.184459209442139, 3.5332833528518677, 3.2070893049240112, 4.161573767662048, 3.9725699424743652, 3.252504587173462, 4.7867196798324585, 3.593909740447998, 4.7912397384643555, 3.6619787216186523
lo: 1.084094762802124, 1.4077273607254028, 1.573312520980835, 1.2090505361557007, 1.275808572769165, 1.0536210536956787, 1.289399266242981, 1.4232490062713623, 1.1894809007644653, 1.0570279359817505, 1.3857927322387695, 1.1284221410751343, 1.4186583757400513, 1.1667066812515259, 1.3562049865722656, 1.0920231342315674, 1.2225404977798462, 1.5408744812011719, 1.3064627647399902, 0.9966220855712891
lp 5.037590980529785, 3.203864336013794, 4.624672889709473, 6.81303071975708, 6.17479944229126, 4.263929843902588, 5.021420955657959, 4.37532377243042, 5.623122215270996, 6.106532573699951, 6.570251941680908, 4.661705493927002, 4.6257476806640625, 5.328280448913574, 5.328774929046631, 4.344527721405029, 6.009260177612305, 5.13478422164917, 6.097702503204346, 4.658600807189941
sharpness: 3.9413421928882597lo: 1.2588539898395539lp: 5.200196182727813

ResNet34
aug
novel
sharpness: 4.029380440711975, 3.5970970392227173, 3.280545234680176, 4.425126433372498, 3.244680404663086, 4.895362973213196, 4.499053001403809, 3.772544026374817, 3.2579070329666138, 4.692291021347046, 4.263973951339722, 4.7023478746414185, 3.2756553888320923, 3.391048550605774, 4.724974870681763, 3.075929641723633, 5.024068355560303, 5.608341217041016, 5.040748596191406, 3.787378191947937
lo: 1.3196920156478882, 1.8016685247421265, 1.6376080513000488, 1.4202338457107544, 1.0875587463378906, 1.2006076574325562, 1.1983914375305176, 1.5700849294662476, 1.3730930089950562, 1.6160366535186768, 1.557499647140503, 1.659781813621521, 1.2450822591781616, 1.1755632162094116, 1.2844593524932861, 1.2285728454589844, 1.3057198524475098, 1.494659423828125, 1.6586337089538574, 1.147877812385559
lp 5.349072456359863, 5.398765563964844, 4.918153285980225, 5.845360279083252, 4.332239151000977, 6.095970630645752, 5.697444438934326, 5.3426289558410645, 4.63100004196167, 6.308327674865723, 5.821473598480225, 6.3621296882629395, 4.520737648010254, 4.5666117668151855, 6.009434223175049, 4.304502487182617, 6.3297882080078125, 7.103000640869141, 6.699382305145264, 4.935256004333496
sharpness: 4.12942271232605lo: 1.3991412401199341lp: 5.5285639524459835

